STAR,SpC,TEFF,LOGG,VINF,MDOTe6,BETA,VSINI,VMIC,DM
HD30614 ,O9.5Ia ,29000,3.0 ,1560,5.0 ,1.5,129,30  ,10.0
HD37128 ,B0Ia   ,27000,2.9 ,1910,2.3 ,1.5,91 ,12.5,7.8
HD91969 ,B0Ia   ,27500,2.95,1470,1.0 ,1.5,79 ,7.5 ,12.2
HD94909 ,B0Ia   ,27000,2.9 ,1050,2.0 ,1.5,100,10  ,11.5
HD122879,B0Ia   ,28000,2.95,1620,3.0 ,1.5,92 ,15  ,11.7
HD38771 ,B0.5Ia ,26500,2.9 ,1525,0.9 ,1.5,83 ,12.5,8.0
HD115842,B0.5Ia ,25500,2.85,1180,2.0 ,1.5,84 ,10  ,11.3
HD152234,B0.5Ia ,26000,2.85,1450,2.7 ,1.5,100,10  ,11.5
HD2905  ,BC0.7Ia,21500,2.6 ,1105,2.0 ,2.0,91 ,20  ,10.2
HD91943 ,B0.7Ia ,24500,2.8 ,1470,0.75,1.2,79 ,10  ,12.2
HD152235,B0.7Ia ,23000,2.65,850 ,1.25,1.5,81 ,10  ,11.5
HD154090,B0.7Ia ,22500,2.65,915 ,0.95,1.5,78 ,10  ,10.2
HD13854 ,B1Iab  ,21500,2.55,920 ,0.85,2.0,97 ,20  ,11.8
HD91316 ,B1Iab  ,22000,2.55,1110,0.35,1.0,75 ,10  ,10.5
HD148688,B1Ia   ,22000,2.6 ,725 ,1.75,2.0,72 ,15  ,10.5
HD14956 ,B1.5Ia ,21000,2.5 ,500 ,1.0 ,2.0,80 ,10  ,11.8
HD152236,B1.5Ia+,18000,2.2 ,390 ,6.0 ,2.0,74 ,15  ,11.5
HD190603,B1.5Ia+,18500,2.25,485 ,2.5 ,3.0,79 ,20  ,10.9
HD14143 ,B2Ia   ,18000,2.25,645 ,1.05,2.0,76 ,20  ,11.8
HD14818 ,B2Ia   ,18500,2.4 ,565 ,0.55,2.0,82 ,20  ,11.8
HD41117 ,B2Ia   ,19000,2.35,510 ,0.9 ,2.0,72 ,10  ,10.9
HD194279,B2Ia   ,19000,2.3 ,550 ,1.05,2.5,80 ,20  ,10.4
HD198478,B2.5Ia ,16500,2.15,470 ,0.23,2.0,61 ,20  ,9.5
HD14134 ,B3Ia   ,16000,2.05,465 ,0.52,2.0,66 ,15  ,11.8
HD53138 ,B3Ia   ,15500,2.05,865 ,0.36,2.0,58 ,20  ,10.2
