RA,DEC,STAR,GLON,GLAT,SpC,n_SpC,VSINI,vmac,TEFF,e_TEFF,E_TEFF,LOGG,e_LOGG,E_LOGG,f_xi,xi,e_xi,E_xi,f_He,He,e_He,E_He,f_logQ,logQ,e_logQ,E_logQ,q,S_N,Simbad,_RA.icrs,_DE.icrs,REF,GAL
270.116265,-29.824374,HD164032,0.8767,-3.237,B1/2Ib,255,108,50,23300,800,700,2.93,0.08,0.09,=,18,3,2,=,0.13,,0.03,<,-14.0,,0.3,2,106,Simbad,270.1163,-29.8244,D24,MW
270.083131,-28.620725,HD164019,1.9099,-2.6166,O9.5IVp,255,78,46,31000,300,300,3.3,0.05,0.03,=,15,1,1,=,0.1,,0.01,=,-13.6,0.1,0.2,1,183,Simbad,270.0831,-28.6207,D24,MW
269.539906,-28.141731,HD163613,2.0881,-1.9638,B1I/II,255,71,78,24400,700,600,2.86,0.07,0.12,=,20,3,2,=,0.14,0.03,0.05,=,-13.5,0.2,0.2,1,96,Simbad,269.5399,-28.1417,D24,MW
265.207883,-23.836105,HD160430,3.7823,3.5878,B2II,255,20,46,22800,500,500,3.3,0.07,0.09,=,13,1,1,=,0.13,0.02,0.03,<,-13.9,,0.1,3,96,Simbad,265.2079,-23.8361,D24,MW
270.933705,-25.312545,HD164741,5.164,-1.6449,B1III,2,20,32,25100,1200,1400,3.61,0.19,0.22,=,8,2,3,=,0.16,0.04,0.05,<,-14.0,,0.4,1,38,Simbad,270.9337,-25.3125,D24,MW
281.732924,-29.959985,HD173502,5.3641,-12.2722,B0.5III,2,131,22,26600,900,600,3.64,0.12,0.1,=,13,2,1,=,0.15,0.03,0.03,<,-14.0,,0.3,3,93,Simbad,281.7329,-29.96,D24,MW
260.065591,-18.823631,HD156779,5.4256,10.3249,B2II,255,97,39,18100,900,600,2.97,0.14,0.13,=,13,1,2,=,0.1,,0.05,<,-14.0,,0.4,1,80,Simbad,260.0656,-18.8236,D24,MW
275.856446,-26.953006,HD168941,5.821,-6.3128,O9.5IVp,255,107,91,30200,300,400,3.22,0.04,0.04,=,16,1,1,=,0.1,,0.01,<,-14.0,,0.2,1,363,Simbad,275.8564,-26.953,D24,MW
271.242439,-24.68077,HD165016,5.8521,-1.5791,B0V,2,19,21,30300,300,500,3.9,0.09,0.08,=,6,1,1,=,0.11,0.02,0.02,>,-13.0,0.2,,1,109,Simbad,271.2424,-24.6808,D24,MW
275.58733,-26.416404,HD168750,6.1891,-5.8526,B1Ib,255,33,50,25600,700,600,3.26,0.1,0.11,=,13,2,1,=,0.18,0.04,0.06,<,-13.9,,0.3,1,84,Simbad,275.5873,-26.4164,D24,MW
249.289763,-10.567134,HD149757,6.2812,23.5877,O9.2IVnn,255,410,-32768,30700,600,600,3.3,0.06,0.09,=,16,3,3,=,0.15,0.04,0.03,=,-13.0,0.6,0.1,1,435,Simbad,249.2898,-10.5671,D24,MW
270.020463,-23.12694,HD164018,6.6528,0.1591,B1/2Ib,255,142,38,29400,800,600,3.56,0.12,0.14,=,15,3,4,=,0.1,,0.07,<,-14.0,,0.4,1,70,Simbad,270.0205,-23.1269,D24,MW
271.372298,-23.715533,HD165132,6.7522,-1.2103,O9.7V,2,127,20,32500,700,1100,4.02,0.1,0.2,=,12,4,2,=,0.1,,0.05,<,-14.0,,0.4,1,73,Simbad,271.3723,-23.7155,D24,MW
271.175472,-23.459949,HD164971,6.8868,-0.9279,B0Ia,255,43,76,27500,700,800,3.11,0.11,0.19,=,16,2,3,=,0.1,,0.06,<,-13.6,,0.2,1,60,Simbad,271.1755,-23.4599,D24,MW
269.859589,-22.466907,HD163892,7.1516,0.6161,O9.5IV(n),255,216,-32768,31600,500,600,3.48,0.06,0.09,=,12,2,3,=,0.1,,0.02,<,-13.9,,0.2,1,142,Simbad,269.8596,-22.4669,D24,MW
270.476647,-22.780267,HD164402,7.1621,-0.0339,B0Ib,3,54,86,28900,400,300,3.23,0.07,0.05,=,18,1,1,=,0.1,,0.01,=,-13.6,0.1,0.1,1,144,Simbad,270.4766,-22.7803,D24,MW
270.757155,-22.718479,HD164637,7.3435,-0.2284,B0Ib/II,255,35,72,29200,200,200,3.35,0.04,0.04,=,15,1,1,=,0.1,,0.01,<,-13.9,,0.2,1,327,Simbad,270.7572,-22.7185,D24,MW
270.41292,-22.131703,HD164359,7.6967,0.338,B1II,255,77,35,30100,400,500,3.85,0.08,0.07,=,9,2,2,=,0.12,0.02,0.03,<,-14.0,,0.3,2,131,Simbad,270.4129,-22.1317,D24,MW
262.803448,-17.142132,HD158661,8.2908,9.0476,B0II,255,60,96,26900,500,400,2.98,0.09,0.07,=,22,2,2,=,0.1,,0.02,=,-13.3,0.1,0.2,1,151,Simbad,262.8034,-17.1421,D24,MW
272.187144,-22.16072,HD165812,8.476,-1.1091,B1/2II,255,42,34,25100,700,700,3.74,0.09,0.08,=,8,1,1,=,0.11,,0.02,<,-13.9,,0.2,1,113,Simbad,272.1871,-22.1607,D24,MW
273.355271,-22.717548,HD166852,8.5074,-2.3235,B0Ia/ab,255,45,130,32000,1200,1400,3.45,0.16,0.2,=,16,4,4,=,0.1,,0.07,<,-14.0,,0.5,1,46,Simbad,273.3553,-22.7175,D24,MW
264.412886,-17.826967,HD159864,8.5231,7.3825,B1Ib,255,88,98,27300,400,600,3.13,0.08,0.09,=,18,1,2,=,0.1,,0.03,<,-13.7,,0.2,1,110,Simbad,264.4129,-17.827,D24,MW
271.797357,-21.443944,HD165516,8.9268,-0.4446,B1/2Ib,255,47,67,25900,400,300,3.08,0.05,0.06,=,17,1,1,=,0.1,,0.01,=,-13.7,0.2,0.2,1,144,Simbad,271.7974,-21.4439,D24,MW
272.270085,-21.406873,HD165892,9.1729,-0.8113,B2II,255,74,42,21600,900,1000,3.39,0.15,0.15,=,11,2,3,=,0.14,,0.03,<,-14.0,,0.3,1,62,Simbad,272.2701,-21.4069,D24,MW
248.617812,-6.136194,HD149363,9.8524,26.6906,B1/2Ib,255,88,62,27300,200,400,3.26,0.05,0.05,=,16,1,1,=,0.1,,0.01,<,-14.0,,0.3,1,194,Simbad,248.6178,-6.1362,D24,MW
270.467877,-19.106114,HD164438,10.3529,1.7886,O9.2IV,255,61,105,31300,400,400,3.29,0.04,0.03,=,13,1,1,=,0.1,,0.01,<,-14.0,,0.5,1,303,Simbad,270.4679,-19.1061,D24,MW
272.98795,-20.423387,HD166546,10.358,-0.9242,O9.5IV,255,31,73,31000,200,400,3.44,0.04,0.04,=,12,1,1,=,0.1,,0.01,<,-14.0,,0.1,1,284,Simbad,272.988,-20.4234,D24,MW
273.803796,-20.728324,HD167264,10.4557,-1.7408,O9.7Iab,255,80,67,28200,300,300,3.08,0.04,0.05,=,22,1,1,=,0.1,,0.0,=,-13.2,0.0,0.0,1,273,Simbad,273.8038,-20.7283,D24,MW
273.233934,-19.745217,HD166787,11.0639,-0.8013,B0.5Ia,255,92,75,25500,300,300,2.93,0.05,0.04,=,23,1,1,=,0.1,,0.01,=,-13.6,0.1,0.1,1,188,Simbad,273.2339,-19.7452,D24,MW
273.061219,-19.432796,HD166628,11.2599,-0.5086,B3Ia/ab,255,37,40,16700,300,300,2.22,0.05,0.06,=,19,1,1,=,0.1,,0.02,=,-13.5,0.2,0.2,1,116,Simbad,273.0612,-19.4328,D24,MW
273.396579,-19.291773,HD166922,11.5354,-0.7186,B2II,2,87,28,20800,1400,1800,3.26,0.26,0.22,>,13,3,255,d,,,,<,-14.0,,0.4,1,40,Simbad,273.3966,-19.2918,D24,MW
272.974093,-19.057124,HD166569,11.5498,-0.2559,B1II,255,27,70,24000,1400,1400,3.06,0.24,0.19,=,16,3,4,=,0.11,,0.09,<,-13.9,,0.4,1,32,Simbad,272.9741,-19.0571,D24,MW
278.586225,-21.553655,HD171201,11.7959,-6.0754,B0Ia,255,116,73,31300,600,1100,3.18,0.1,0.11,>,28,3,255,=,0.1,,0.04,=,-13.1,0.4,0.2,1,75,Simbad,278.5862,-21.5537,D24,MW
273.464092,-18.989442,HD166965,11.8314,-0.6299,B1.5II-III,2,47,51,21800,500,600,3.32,0.1,0.09,>,15,2,255,=,0.1,,0.02,<,-13.9,,0.1,1,93,Simbad,273.4641,-18.9894,D24,MW
273.819839,-18.992711,HD167287,11.9892,-0.927,B1Iab,255,41,85,26400,500,400,3.15,0.07,0.09,=,15,2,2,=,0.1,,0.02,<,-13.7,,0.2,1,102,Simbad,273.8198,-18.9927,D24,MW
273.750935,-18.943591,HD167224,12.0013,-0.8463,B3Ib/II,255,153,46,18600,700,900,2.93,0.11,0.14,>,15,1,255,=,0.11,0.02,0.02,<,-13.9,,0.2,1,104,Simbad,273.7509,-18.9436,D24,MW
273.938503,-18.953332,HD167375,12.0773,-1.0069,B2III,255,200,-32768,22800,1300,1700,3.25,0.14,0.17,=,9,4,3,=,0.19,0.04,0.05,<,-13.6,,0.2,2,82,Simbad,273.9385,-18.9533,D24,MW
274.050028,-18.798869,HD167479,12.2634,-1.0262,B2.5III,2,30,65,19400,500,500,3.31,0.1,0.09,>,15,2,255,=,0.1,,0.02,<,-14.0,,0.1,2,100,Simbad,274.05,-18.7989,D24,MW
273.86465,-18.357033,HD167336,12.5683,-0.6613,B0II,255,80,94,26900,400,500,2.97,0.07,0.09,=,25,3,2,=,0.1,,0.02,=,-13.4,0.1,0.1,1,124,Simbad,273.8646,-18.357,D24,MW
274.680262,-18.6197,HD168021,12.7043,-1.4668,B0Ia,255,45,95,27300,300,300,3.02,0.04,0.05,=,22,1,1,=,0.1,,0.01,=,-13.2,0.1,0.1,1,338,Simbad,274.6803,-18.6197,D24,MW
273.982343,-18.240844,HD167411,12.7237,-0.7042,O9.7II,255,127,65,27900,600,600,2.99,0.08,0.12,=,20,2,2,=,0.1,,0.02,=,-13.5,0.3,0.3,2,91,Simbad,273.9823,-18.2408,D24,MW
270.161075,-15.802377,HD164188,13.0852,3.6734,B0.5V,2,85,70,26600,1000,700,3.67,0.1,0.09,=,9,2,3,=,0.14,0.03,0.03,<,-14.0,,0.3,1,104,Simbad,270.1611,-15.8024,D24,MW
274.695421,-18.172146,HD168080,13.1056,-1.2679,B1Ib/II,255,145,67,22800,800,700,3.06,0.11,0.08,=,16,2,2,=,0.1,,0.03,<,-13.7,,0.1,1,103,Simbad,274.6954,-18.1721,D24,MW
272.657816,-16.824541,HD166287,13.3616,1.083,B1Ib,255,112,56,24700,900,700,3.26,0.11,0.09,=,14,2,2,=,0.1,,0.03,<,-14.0,,0.3,1,99,Simbad,272.6578,-16.8245,D24,MW
272.63993,-16.749265,HD166286,13.4193,1.1343,B1II,255,76,123,26700,800,800,3.44,0.11,0.09,=,13,3,2,=,0.1,,0.04,<,-14.0,,0.4,1,95,Simbad,272.6399,-16.7493,D24,MW
272.948357,-16.893912,HD166540,13.4347,0.8059,B1Ib,255,27,64,28000,300,500,3.43,0.1,0.06,=,15,2,1,=,0.1,,0.03,<,-14.0,,0.3,1,105,Simbad,272.9484,-16.8939,D24,MW
275.162203,-17.748596,HD168489,13.6887,-1.4596,B1Ib,255,28,61,27400,400,300,3.34,0.06,0.06,=,13,1,1,=,0.1,,0.01,<,-13.9,,0.2,1,148,Simbad,275.1622,-17.7486,D24,MW
271.178695,-15.362327,HD165049,13.951,3.0351,B2Ib/II,255,17,40,22600,300,300,3.38,0.04,0.06,=,13,1,1,=,0.16,0.02,0.02,<,-13.9,,0.1,3,158,Simbad,271.1787,-15.3623,D24,MW
273.114958,-16.380644,HD166689,13.9616,0.9125,B1Ib,255,36,57,25000,700,500,3.25,0.08,0.09,=,14,1,1,=,0.1,,0.03,<,-13.8,,0.2,1,105,Simbad,273.115,-16.3806,D24,MW
275.287745,-17.38156,HD168571,14.069,-1.3925,B1Iab/b,255,124,33,23100,400,600,2.94,0.06,0.05,=,18,1,2,=,0.1,,0.01,<,-13.8,,0.2,2,167,Simbad,275.2877,-17.3816,D24,MW
275.251247,-17.151686,HD168552,14.2555,-1.2536,B2/3Ib/II,255,32,47,21100,500,600,3.14,0.13,0.08,>,15,2,255,=,0.15,0.03,0.03,<,-13.9,,0.2,1,79,Simbad,275.2512,-17.1517,D24,MW
278.292077,-18.368422,HD171012,14.5202,-4.3835,B0.2Ia,3,66,104,25900,400,400,2.81,0.07,0.07,>,28,2,255,=,0.1,,0.04,=,-12.7,0.1,0.1,1,122,Simbad,278.2921,-18.3684,D24,MW
272.930163,-15.582671,HD166539,14.5763,1.4516,B1/2Ib,255,32,43,32700,400,600,3.9,0.09,0.11,>,13,1,255,=,0.1,,0.03,<,-14.0,,0.3,1,99,Simbad,272.9302,-15.5827,D24,MW
278.903182,-18.550653,HD171432,14.622,-4.9826,B0.5Ib,255,41,70,25100,600,400,3.03,0.06,0.08,=,15,1,2,=,0.1,,0.02,=,-13.6,0.2,0.2,1,121,Simbad,278.9032,-18.5507,D24,MW
276.443842,-17.076538,BD-175190,14.8556,-2.2257,B1Ia,255,57,39,24500,1300,1700,3.04,0.21,0.24,=,13,3,3,=,0.1,,0.1,=,-13.5,0.3,0.2,1,36,Simbad,276.4438,-17.0765,D24,MW
275.787578,-16.593509,HD168987,14.9895,-1.4447,B1Ia/ab,255,48,63,20500,500,500,2.65,0.08,0.08,=,17,2,1,=,0.1,,0.04,=,-13.3,0.1,0.1,3,102,Simbad,275.7876,-16.5935,D24,MW
273.233968,-15.192411,HD166803,15.0594,1.3819,B0.5IV,2,68,76,29400,700,600,3.93,0.09,0.11,=,8,3,2,=,0.11,,0.02,<,-14.0,,0.3,1,102,Simbad,273.234,-15.1924,D24,MW
271.495118,-14.19803,HD165319,15.1187,3.3349,O9.7Ib,255,92,91,28700,600,1100,2.94,0.08,0.13,=,19,2,2,=,0.1,,0.04,=,-13.1,0.1,0.3,2,72,Simbad,271.4951,-14.198,D24,MW
274.407204,-15.430686,HD167838,15.3895,0.2736,B3Ia/ab,255,35,41,16400,200,200,2.23,0.04,0.05,=,14,1,1,=,0.1,,0.01,=,-13.3,0.1,0.1,1,156,Simbad,274.4072,-15.4307,D24,MW
277.745167,-16.573456,HD170604,15.8792,-3.097,B1Ib,255,25,54,26800,500,500,3.43,0.11,0.08,=,13,1,2,=,0.1,,0.05,<,-13.9,,0.2,3,86,Simbad,277.7452,-16.5735,D24,MW
274.063299,-14.644948,HD167543,15.9232,0.9391,B1Ib/II,255,34,42,26200,600,600,3.53,0.1,0.08,=,11,2,2,=,0.13,0.03,0.02,<,-14.0,,0.2,2,95,Simbad,274.0633,-14.6449,D24,MW
276.598728,-15.630167,HD169673,16.2057,-1.684,B1Ib,255,46,64,26600,500,500,3.39,0.07,0.09,=,15,2,1,=,0.1,,0.02,<,-14.0,,0.3,2,108,Simbad,276.5987,-15.6302,D24,MW
274.744553,-13.991183,HD168183,16.8119,0.668,O9.5III,255,126,64,31200,700,900,3.58,0.08,0.21,=,13,3,3,=,0.1,,0.04,<,-13.8,,0.2,1,62,Simbad,274.7446,-13.9912,D24,MW
273.978618,-13.574321,HD167451,16.8261,1.5206,B1Ib,255,61,63,26000,500,500,3.11,0.07,0.09,=,16,2,2,=,0.1,,0.03,=,-13.5,0.1,0.2,2,111,Simbad,273.9786,-13.5743,D24,MW
278.157489,-15.701617,HD170938,16.8369,-3.0478,B1Ia,255,57,75,23300,500,600,2.75,0.08,0.07,=,17,1,2,=,0.12,,0.02,=,-13.0,0.1,0.1,3,118,Simbad,278.1575,-15.7016,D24,MW
275.686296,-14.363523,HD168917,16.9136,-0.3128,B0/0.5II/III,255,67,3,32400,1100,1800,4.0,0.33,0.18,=,7,4,4,=,0.14,,0.04,<,-14.0,,0.5,1,33,Simbad,275.6863,-14.3635,D24,MW
274.719437,-13.828527,BD-134930,16.9437,0.7664,O9.7V,255,11,27,32300,500,500,3.97,0.09,0.09,=,6,2,1,=,0.13,0.02,0.02,<,-14.0,,0.5,2,103,Simbad,274.7194,-13.8285,D24,MW
279.432013,-15.427197,HD171876,17.6437,-4.0144,B2II,255,46,80,18700,600,700,3.21,0.11,0.09,>,15,1,255,=,0.1,,0.03,<,-14.0,,0.2,2,100,Simbad,279.432,-15.4272,D24,MW
275.823211,-13.594268,HD169034,17.6553,-0.0693,B2Ia,255,39,41,15900,400,300,1.88,0.06,0.07,=,18,2,2,=,0.1,,0.02,=,-13.3,0.1,0.2,3,95,Simbad,275.8232,-13.5943,D24,MW
273.805245,-12.536745,HD167330,17.6588,2.1628,O9.5/B0Ia,255,101,68,31000,1400,1800,3.24,0.21,0.13,>,29,8,255,=,0.1,,0.09,>,-12.6,0.4,,2,59,Simbad,273.8052,-12.5367,D24,MW
273.799584,-12.501147,HD167311,17.6875,2.1846,B0Ib,255,53,75,24700,700,600,2.96,0.1,0.09,=,19,2,3,=,0.12,0.01,0.03,=,-13.4,0.1,0.2,1,101,Simbad,273.7996,-12.5011,D24,MW
274.445984,-12.499375,BD-124970,17.9888,1.63,B0.5Ia,255,63,87,24600,400,600,2.79,0.12,0.07,=,25,2,2,=,0.1,,0.02,>,-12.7,0.1,,1,109,Simbad,274.446,-12.4994,D24,MW
280.286078,-14.75688,HD172510,18.6178,-4.4452,B2Ib,255,23,34,21900,800,1000,3.39,0.11,0.18,=,10,2,2,=,0.14,0.04,0.04,<,-13.9,,0.2,2,55,Simbad,280.2861,-14.7569,D24,MW
276.045806,-12.231664,HD169227,18.9608,0.3773,B1.5Ia,255,50,65,21700,300,300,2.65,0.04,0.04,=,18,1,1,=,0.15,0.02,0.02,=,-13.1,0.0,0.0,3,203,Simbad,276.0458,-12.2317,D24,MW
276.677714,-11.356892,HD169754,20.0232,0.2388,B0.5Ia,255,56,59,26500,600,500,2.96,0.1,0.1,=,15,3,2,=,0.1,,0.03,=,-12.8,0.1,0.1,3,89,Simbad,276.6777,-11.3569,D24,MW
267.153573,-2.196166,HD161961,23.6364,12.9011,B0/1Ib,255,38,59,26400,400,400,3.13,0.06,0.07,=,14,1,1,=,0.1,,0.03,<,-13.6,,0.1,1,178,Simbad,267.1536,-2.1962,D24,MW
280.200213,-8.718812,HD172488,23.9639,-1.622,B0Iab/b,255,106,59,23400,800,900,3.04,0.09,0.13,=,15,3,2,=,0.1,,0.04,<,-13.9,,0.3,1,88,Simbad,280.2002,-8.7188,D24,MW
282.140065,-6.46495,HD173987,26.8481,-2.3061,B0.5Ia,255,74,65,26200,500,500,2.9,0.09,0.1,=,20,2,2,=,0.1,,0.03,=,-13.2,0.1,0.1,1,85,Simbad,282.1401,-6.4649,D24,MW
281.369289,-4.59964,HD173438,28.1595,-0.7733,B0/1Iab,255,47,98,25700,500,500,2.9,0.11,0.07,=,27,2,2,=,0.1,,0.02,=,-13.2,0.1,0.1,2,82,Simbad,281.3693,-4.5996,D24,MW
271.155654,1.91903,HD165174,29.2695,11.2859,O9.7IIn,255,275,-32768,29500,400,600,3.11,0.06,0.07,=,26,2,2,=,0.1,,0.02,=,-13.5,0.3,0.3,1,222,Simbad,271.1557,1.919,D24,MW
249.242474,14.475241,HD149881,31.3709,36.2329,B0.5III,255,92,63,25900,300,400,3.15,0.05,0.05,=,14,1,1,=,0.1,,0.02,<,-13.9,,0.3,1,190,Simbad,249.2425,14.4752,D24,MW
294.222651,-7.027492,HD184915,31.7709,-13.2866,B0.5IIIn,255,290,-32768,24100,600,700,2.85,0.06,0.07,=,26,2,2,=,0.14,0.03,0.02,<,-14.0,,0.4,1,218,Simbad,294.2227,-7.0275,D24,MW
286.522523,3.266423,HD177812,37.5109,-1.7642,B1/2Ib,255,47,73,22900,700,700,2.84,0.07,0.1,=,16,2,2,=,0.1,,0.03,<,-13.7,,0.2,2,100,Simbad,286.5225,3.2664,D24,MW
286.825619,3.443003,HD178129,37.8068,-1.952,B3Ia,255,37,45,16400,300,300,2.3,0.05,0.06,=,19,2,1,=,0.1,,0.01,<,-14.0,,0.2,1,113,Simbad,286.8256,3.443,D24,MW
287.276595,3.588202,HD178597,38.1428,-2.2851,B3III,255,4,15,21400,1200,1200,3.57,0.18,0.17,=,2,2,2,=,0.17,0.05,0.05,<,-14.0,,0.3,2,35,Simbad,287.2766,3.5882,D24,MW
339.026845,-16.387974,HD214080,44.803,-56.9191,B1/2Ib,255,114,70,22600,400,500,2.98,0.07,0.04,=,17,1,1,=,0.1,,0.01,<,-13.7,,0.1,1,158,Simbad,339.0268,-16.388,D24,MW
289.431847,23.025487,HD180968,56.3582,4.8532,B3IV+,255,305,-32768,23400,800,600,3.14,0.07,0.07,=,13,1,2,=,0.1,,0.02,=,-13.6,0.2,0.1,1,197,Simbad,289.4318,23.0255,D24,MW
295.118011,20.477111,HD185859,56.6419,-1.0031,B3I+,255,49,80,27000,200,400,3.06,0.05,0.06,=,21,1,1,=,0.1,,0.01,=,-13.7,0.1,0.2,1,144,Simbad,295.118,20.4771,D24,MW
297.184384,19.661101,HD187320,56.903,-3.0923,B2III,255,213,-32768,22100,1300,1000,3.08,0.17,0.09,=,15,2,3,=,0.1,,0.05,<,-13.8,,0.2,1,114,Simbad,297.1844,19.6611,D24,MW
295.706776,23.46332,HD344776,59.5067,0.0015,B0.5Ib,255,50,77,28000,700,400,3.52,0.1,0.12,=,16,2,2,>,0.27,0.04,,=,-13.5,0.2,0.2,3,87,Simbad,295.7068,23.4633,D24,MW
296.475527,24.096389,HD186841,60.4065,-0.2918,B1Ia,255,55,90,26000,400,400,2.95,0.06,0.06,=,24,2,2,=,0.1,,0.02,=,-13.2,0.1,0.1,1,136,Simbad,296.4755,24.0964,D24,MW
300.592088,22.151494,HD190066,60.6853,-4.5385,B0.7Ib,3,60,84,24800,300,400,2.87,0.05,0.05,=,21,2,1,=,0.1,,0.01,=,-13.3,0.2,0.1,1,156,Simbad,300.5921,22.1515,D24,MW
292.311006,26.716787,HD183561,60.8563,4.27,B2III,255,9,24,21300,500,700,3.52,0.11,0.11,=,6,2,2,=,0.12,0.02,0.03,<,-13.9,,0.2,4,73,Simbad,292.311,26.7168,D24,MW
302.837575,21.874931,HD191877,61.565,-6.4473,B1Ib,255,160,65,23600,400,400,2.9,0.07,0.04,=,18,1,2,=,0.1,,0.02,<,-14.0,,0.5,1,198,Simbad,302.8376,21.8749,D24,MW
320.8701,9.931935,HD203664,61.9263,-27.4646,B0.5IIIn,255,258,-32768,27500,1300,1500,3.46,0.15,0.14,=,7,4,5,=,0.14,0.04,0.06,<,-14.0,,0.4,1,82,Simbad,320.8701,9.9319,D24,MW
295.332748,29.144456,HD332407,64.2787,3.106,B1Ibp,255,160,35,26200,500,400,3.04,0.05,0.07,=,20,2,1,=,0.11,,0.03,=,-13.7,0.1,0.2,1,164,Simbad,295.3327,29.1445,D24,MW
300.157068,29.888618,HD189779,67.0599,-0.1263,B2III,255,66,51,20800,400,300,3.37,0.05,0.05,=,12,1,1,=,0.1,,0.01,<,-14.0,,0.1,1,214,Simbad,300.1571,29.8886,D24,MW
297.210824,33.437311,HD187459,68.8088,3.8515,B0.5II,255,143,92,25600,300,500,2.99,0.06,0.05,=,17,2,1,=,0.1,,0.02,=,-13.1,0.2,0.1,1,162,Simbad,297.2108,33.4373,D24,MW
301.048146,32.1558,HD331759,69.3868,0.4293,B1Ib,255,82,58,27800,300,300,3.36,0.06,0.04,=,14,1,1,=,0.1,,0.01,<,-13.9,,0.1,1,204,Simbad,301.0481,32.1558,D24,MW
300.827776,33.449887,HD190336,70.3832,1.2757,B0.7II-III,255,73,30,25300,1000,1000,3.48,0.16,0.08,=,9,2,2,=,0.13,0.03,0.04,<,-13.9,,0.2,1,74,Simbad,300.8278,33.4499,D24,MW
303.56707,31.997807,HD192539,70.4149,-1.4478,B2III,255,32,46,22400,500,500,3.37,0.06,0.09,=,12,2,1,=,0.12,0.02,0.02,<,-13.9,,0.2,1,113,Simbad,303.5671,31.9978,D24,MW
299.59036,35.201597,HD226868,71.335,3.0668,O9.7Iabpvar,255,94,123,28000,500,400,2.94,0.07,0.06,>,30,3,255,=,0.1,,0.01,=,-13.0,0.2,0.2,3,125,Simbad,299.5904,35.2016,D24,MW
301.670893,34.911247,HD227704,71.9914,1.4685,B0III,255,119,63,31200,1400,900,3.34,0.14,0.19,=,12,4,4,=,0.1,,0.08,<,-13.9,,0.5,1,57,Simbad,301.6709,34.9112,D24,MW
301.484044,35.672066,HD190919,72.5513,2.006,B0.7II,3,43,75,25100,500,300,3.0,0.06,0.06,=,15,1,1,=,0.1,,0.02,=,-13.5,0.2,0.2,1,141,Simbad,301.484,35.6721,D24,MW
300.872562,36.024583,HD190429B,72.5848,2.6133,O9.5II-III,255,112,130,31000,1000,1000,3.29,0.11,0.11,=,9,4,3,=,0.12,,0.06,=,-13.2,0.3,0.3,1,85,Simbad,300.8726,36.0246,D24,MW
301.505741,35.765557,HD227634,72.6397,2.0413,B0.2II,255,105,69,28100,400,300,3.19,0.07,0.06,=,18,1,1,=,0.1,,0.01,<,-13.9,,0.2,1,169,Simbad,301.5057,35.7656,D24,MW
301.494629,35.797225,BD+353955,72.6616,2.0659,B0.7Iab,255,52,67,25000,500,300,2.92,0.04,0.08,=,18,2,1,=,0.1,,0.02,=,-13.4,0.2,0.2,1,134,Simbad,301.4946,35.7972,D24,MW
302.22315,35.512887,HD191495,72.7417,1.4141,B0IV-V(n),255,276,-32768,31100,1300,1000,3.58,0.18,0.14,=,10,5,5,=,0.17,0.05,0.06,<,-14.0,,0.4,1,85,Simbad,302.2231,35.5129,D24,MW
313.593289,28.521983,HD199140,72.7534,-10.4803,B2IIIv,255,18,25,22900,500,600,3.44,0.07,0.07,=,7,1,1,=,0.12,0.02,0.02,<,-13.9,,0.2,1,110,Simbad,313.5933,28.522,D24,MW
301.740068,36.396638,HD191139,73.2741,2.2208,B0.5III,255,33,65,27200,600,500,3.22,0.08,0.09,=,12,2,2,=,0.1,,0.03,<,-13.7,,0.2,1,95,Simbad,301.7401,36.3966,D24,MW
302.358667,36.488777,HD191611,73.621,1.8521,B0.5III,255,56,80,26700,300,300,3.03,0.04,0.06,=,22,1,1,=,0.1,,0.01,=,-13.6,0.2,0.2,1,166,Simbad,302.3587,36.4888,D24,MW
302.149956,36.672001,HD191456,73.684,2.0923,B0.5III,255,40,57,26500,600,700,3.31,0.09,0.1,=,11,2,2,=,0.12,,0.03,<,-13.9,,0.3,1,96,Simbad,302.15,36.672,D24,MW
302.501676,36.70093,HD228053,73.8616,1.8712,B1II,255,52,78,25600,500,400,3.12,0.07,0.07,=,16,2,1,=,0.1,,0.02,=,-13.4,0.1,0.2,1,130,Simbad,302.5017,36.7009,D24,MW
294.781535,40.626836,HD185780,74.1711,9.054,B0III,255,87,70,28500,400,300,3.41,0.07,0.06,=,12,2,1,=,0.11,,0.02,<,-14.0,,0.3,1,150,Simbad,294.7815,40.6268,D24,MW
302.937461,37.550004,HD192079,74.7631,2.0441,B0.5IV,255,45,42,29600,300,300,3.63,0.03,0.08,=,11,1,1,=,0.1,,0.01,<,-14.0,,0.2,1,177,Simbad,302.9375,37.55,D24,MW
302.079741,38.130733,HD191396,74.8818,2.9284,B0.5II,255,33,62,27300,400,400,3.18,0.07,0.08,=,13,1,1,=,0.1,,0.02,<,-13.8,,0.2,1,89,Simbad,302.0797,38.1307,D24,MW
297.655559,40.599751,HD187879,75.2156,7.1328,B1.1III,255,88,80,21400,400,500,3.0,0.05,0.07,=,15,1,1,=,0.1,,0.01,<,-13.8,,0.2,1,177,Simbad,297.6556,40.5998,D24,MW
304.130765,37.642036,HD193007,75.3631,1.3074,B0.5II,3,61,70,27100,700,700,3.24,0.12,0.1,=,12,3,2,=,0.1,,0.04,=,-13.7,0.2,0.4,1,91,Simbad,304.1308,37.642,D24,MW
304.245358,37.681445,HD193076,75.4465,1.2542,B0.7II,3,60,70,25200,400,700,3.01,0.07,0.11,=,16,3,1,=,0.1,,0.03,<,-13.7,,0.3,1,91,Simbad,304.2454,37.6814,D24,MW
305.89889,36.928913,HD194303,75.5717,-0.2559,B3II,255,40,55,21300,1000,900,3.26,0.14,0.14,=,12,2,2,=,0.1,,0.04,<,-14.0,,0.2,2,68,Simbad,305.8989,36.9289,D24,MW
303.370909,38.479439,HD192444,75.7279,2.2698,B1III,255,44,71,22600,900,1400,2.93,0.15,0.15,=,12,4,2,=,0.1,,0.06,=,-13.4,0.2,0.2,1,63,Simbad,303.3709,38.4794,D24,MW
304.722952,37.842709,HD193444,75.792,1.0323,B0.5V,255,32,79,27700,1200,700,3.37,0.16,0.14,=,11,4,3,=,0.1,,0.08,<,-14.0,,0.4,1,56,Simbad,304.723,37.8427,D24,MW
305.230908,37.732083,HD229033,75.9279,0.6387,B0II-III,255,170,17,28900,1300,1700,3.17,0.2,0.27,=,16,6,5,=,0.1,,0.11,=,-13.3,0.4,0.3,2,43,Simbad,305.2309,37.7321,D24,MW
304.344854,38.235641,HD193183,75.9498,1.4994,B1.5Ib,3,50,66,21400,400,700,2.72,0.04,0.09,=,15,1,2,=,0.11,,0.03,=,-13.4,0.2,0.2,1,126,Simbad,304.3449,38.2356,D24,MW
303.343693,38.765446,HD192422,75.955,2.4452,B0.5Ib,3,50,101,26300,400,300,2.93,0.05,0.07,=,21,2,1,=,0.11,,0.02,=,-13.2,0.1,0.1,1,143,Simbad,303.3437,38.7654,D24,MW
301.502959,40.064949,HD190991,76.2759,4.3447,B0IVp,255,47,52,32100,800,1200,3.39,0.06,0.14,=,12,3,2,=,0.1,,0.04,=,-12.7,0.3,0.1,1,86,Simbad,301.503,40.0649,D24,MW
304.168351,38.899249,HD193032,76.423,1.9849,B0III,255,44,70,28600,400,700,3.37,0.1,0.13,=,13,2,2,=,0.1,,0.04,<,-14.0,,0.4,1,82,Simbad,304.1684,38.8992,D24,MW
305.648198,38.129426,HD194153,76.442,0.5946,B1Iab,255,71,74,24900,500,400,2.94,0.08,0.05,=,20,1,2,=,0.1,,0.02,=,-13.2,0.0,0.1,1,145,Simbad,305.6482,38.1294,D24,MW
306.005425,38.513763,HD229234,76.9176,0.5852,O9III,255,107,62,32000,700,800,3.31,0.08,0.08,=,13,1,2,=,0.1,,0.03,=,-13.1,0.6,0.1,1,94,Simbad,306.0054,38.5138,D24,MW
305.859653,38.939169,HD194280,77.2007,0.9225,OC9.7Iab,255,80,130,27800,600,400,2.93,0.09,0.08,=,20,1,2,=,0.1,,0.02,=,-13.1,0.1,0.1,1,112,Simbad,305.8597,38.9392,D24,MW
305.725094,39.208017,HD229159,77.3613,1.1621,B1.5Ib,255,44,66,23000,600,400,2.87,0.07,0.05,=,17,1,2,=,0.1,,0.02,=,-13.5,0.2,0.2,1,140,Simbad,305.7251,39.208,D24,MW
303.608648,40.32924,HD192660,77.3736,3.1377,B0Ib,255,56,114,27000,500,400,2.93,0.08,0.07,=,17,2,1,=,0.1,,0.02,=,-13.0,0.1,0.1,1,101,Simbad,303.6086,40.3292,D24,MW
310.671182,36.380857,HD197460,77.4076,-3.6602,B0.5III,255,220,-32768,25300,1200,1100,3.04,0.13,0.12,=,15,3,3,=,0.1,,0.05,<,-13.8,,0.2,1,120,Simbad,310.6712,36.3809,D24,MW
300.250004,42.008565,HD189957,77.4349,6.1719,O9.7III,255,82,89,30100,600,500,3.29,0.07,0.1,=,15,2,2,=,0.1,,0.02,<,-13.9,,0.3,1,108,Simbad,300.25,42.0086,D24,MW
304.148171,40.885661,HD228712,78.0648,3.1056,B0.5Ia,255,63,72,25200,500,400,2.74,0.09,0.09,=,26,2,2,=,0.1,,0.04,=,-13.0,0.1,0.1,1,91,Simbad,304.1482,40.8857,D24,MW
304.249489,40.843705,HD193117,78.0727,3.0186,O9.5II,255,124,17,31800,1000,2200,3.32,0.16,0.17,=,17,4,6,=,0.11,,0.09,>,-12.7,0.4,,1,51,Simbad,304.2495,40.8437,D24,MW
302.820606,41.959165,HD192039,78.4137,4.5276,B0IV,255,16,38,31800,400,300,3.86,0.06,0.09,=,10,1,1,=,0.11,0.02,0.01,<,-13.7,,0.2,1,124,Simbad,302.8206,41.9592,D24,MW
316.980933,33.396988,HD201345,78.4363,-9.5444,ON9.2IV,255,120,32,31900,600,700,3.47,0.08,0.1,=,10,2,3,=,0.14,0.03,0.04,<,-14.0,,0.6,1,109,Simbad,316.9809,33.397,D24,MW
302.75707,42.126759,HD192001,78.5291,4.6583,O9.5IV,255,59,44,31900,300,300,3.74,0.04,0.08,=,8,2,1,=,0.1,,0.01,<,-14.0,,0.2,1,194,Simbad,302.7571,42.1268,D24,MW
296.408266,44.96376,HD186994,78.6166,10.0612,B0III,255,144,73,29300,600,600,3.52,0.07,0.13,=,8,3,3,=,0.1,,0.03,<,-14.0,,0.3,1,101,Simbad,296.4083,44.9638,D24,MW
305.825721,40.759078,HD194279,78.6779,1.9865,B2Ia,255,58,51,19400,400,600,2.25,0.06,0.08,=,16,1,2,=,0.22,0.04,0.04,=,-13.0,0.1,0.1,1,96,Simbad,305.8257,40.7591,D24,MW
303.84797,42.401034,HD192832,79.203,4.1334,B5Ia,255,36,27,16300,400,300,2.32,0.07,0.05,=,15,1,2,=,0.1,,0.01,<,-14.0,,0.3,1,115,Simbad,303.848,42.401,D24,MW
306.47951,41.336631,HD194779,79.4344,1.9155,B3II,3,120,13,21200,700,1000,3.25,0.09,0.13,=,9,4,2,=,0.1,,0.04,<,-13.8,,0.2,1,110,Simbad,306.4795,41.3366,D24,MW
306.589817,41.37935,HD194839,79.5172,1.8727,B0.5Ia,3,65,83,25800,600,600,2.82,0.11,0.1,=,22,3,4,=,0.1,,0.04,=,-12.9,0.1,0.2,2,73,Simbad,306.5898,41.3794,D24,MW
307.125937,42.009816,HD195229,80.2633,1.9137,B0.2III,255,32,54,27800,400,500,3.44,0.08,0.09,=,12,2,2,=,0.1,,0.04,<,-14.0,,0.3,2,110,Simbad,307.1259,42.0098,D24,MW
317.471311,35.491662,HD201638,80.2874,-8.4451,B0.5V,2,69,49,27800,700,800,3.73,0.12,0.1,=,11,2,2,=,0.16,0.03,0.03,<,-14.0,,0.3,3,90,Simbad,317.4713,35.4917,D24,MW
295.843754,47.2447,HD186618,80.4762,11.482,B0V,255,139,11,27900,500,600,3.54,0.08,0.08,=,7,2,3,=,0.13,0.02,0.03,<,-14.0,,0.3,1,134,Simbad,295.8438,47.2447,D24,MW
297.996103,47.027404,HD188209,80.9929,10.0916,O9.5Iab,255,71,62,31600,300,300,3.17,0.04,0.03,>,30,3,255,=,0.1,,0.01,>,-12.5,0.0,,1,255,Simbad,297.9961,47.0274,D24,MW
300.731477,45.986946,HD190427,81.0424,7.9413,B0III,255,25,59,30900,500,600,3.45,0.11,0.1,=,12,2,2,=,0.1,,0.03,<,-14.0,,0.3,1,74,Simbad,300.7315,45.9869,D24,MW
317.765754,36.299574,HD201819,81.053,-8.0769,B1Vp,255,282,-32768,23400,800,1100,3.1,0.12,0.09,=,17,3,2,=,0.14,0.03,0.03,<,-13.8,,0.2,1,158,Simbad,317.7658,36.2996,D24,MW
302.460783,45.402968,HD191781,81.1843,6.6071,ON9.7Iab,255,74,96,30000,1800,1800,3.33,0.3,0.31,>,26,4,255,=,0.1,,0.1,>,-12.8,0.2,,1,30,Simbad,302.4608,45.403,D24,MW
298.255217,47.807764,HD188439,81.7717,10.3201,B0.5IIIn,255,343,-32768,24200,900,500,3.03,0.08,0.07,=,21,2,2,=,0.12,,0.02,=,-13.6,0.2,0.1,1,215,Simbad,298.2552,47.8078,D24,MW
305.417994,44.814202,HD194057,81.8466,4.5413,B1Ib,255,57,81,25800,400,300,3.08,0.07,0.07,=,19,2,1,=,0.1,,0.02,=,-13.2,0.0,0.1,1,130,Simbad,305.418,44.8142,D24,MW
307.645701,44.315273,HD195592,82.3557,2.9571,O9.7Ia,255,60,50,27100,200,200,2.87,0.03,0.05,=,27,1,1,=,0.1,,0.01,>,-12.5,0.0,,3,109,Simbad,307.6457,44.3153,D24,MW
321.445975,36.667412,HD204172,83.3947,-9.9588,B0.2Iab,3,58,106,27300,300,300,2.99,0.03,0.05,=,20,1,1,=,0.1,,0.01,=,-13.3,0.1,0.1,1,334,Simbad,321.446,36.6674,D24,MW
341.760445,17.233107,HD215733,85.1576,-36.3541,B1II,255,73,83,24400,500,400,2.96,0.06,0.06,=,17,1,2,=,0.1,,0.02,<,-14.0,,0.4,1,104,Simbad,341.7604,17.2331,D24,MW
312.229192,45.62423,HD198479,85.371,1.1838,B1III,255,54,7,26800,1100,1200,3.55,0.12,0.19,=,2,1,1,=,0.13,0.03,0.04,<,-13.7,,0.2,3,63,Simbad,312.2292,45.6242,D24,MW
312.234562,46.114098,HD198478,85.7535,1.49,B2.5Ia,3,36,47,17800,200,200,2.29,0.04,0.03,=,16,1,1,=,0.1,,0.01,=,-13.3,0.0,0.1,2,241,Simbad,312.2346,46.1141,D24,MW
314.261193,46.545715,BD+453341,86.9816,0.692,B1II,255,84,91,24800,600,300,2.86,0.07,0.06,=,23,2,3,=,0.1,,0.03,=,-13.6,0.2,0.2,1,129,Simbad,314.2612,46.5457,D24,MW
318.118273,44.531718,HD202124,87.2899,-2.6629,O9Iab,255,67,129,29100,800,800,2.93,0.06,0.14,>,29,4,255,=,0.1,,0.03,>,-12.5,0.1,,2,88,Simbad,318.1183,44.5317,D24,MW
313.468403,49.533462,HD199216,88.9208,3.0268,B1II,255,34,57,24200,700,400,3.01,0.06,0.08,=,13,2,1,=,0.1,,0.03,=,-13.5,0.2,0.2,2,109,Simbad,313.4684,49.5335,D24,MW
320.958982,47.164566,HD203938,90.5579,-2.2343,B0.5IV,255,135,77,27000,600,400,3.64,0.06,0.05,=,9,2,2,=,0.11,0.02,0.01,<,-13.9,,0.2,1,195,Simbad,320.959,47.1646,D24,MW
324.066211,49.349145,BD+483437,93.5633,-2.0628,B1Ib,255,37,54,25000,800,400,3.15,0.1,0.07,=,14,2,1,=,0.11,,0.04,<,-13.8,,0.2,1,90,Simbad,324.0662,49.3491,D24,MW
315.970286,55.230324,HD200857,94.2496,5.5848,B3IIIv,255,155,35,18400,700,800,2.82,0.12,0.12,=,11,2,2,=,0.11,0.01,0.03,<,-13.9,,0.1,1,133,Simbad,315.9703,55.2303,D24,MW
324.823031,52.362438,HD206259,95.9266,-0.1327,B3III,255,176,64,15900,1000,600,2.89,0.1,0.11,=,3,2,4,=,0.14,0.04,0.03,<,-13.9,,0.3,1,118,Simbad,324.823,52.3624,D24,MW
327.510356,52.697329,HD207793,97.3891,-0.9363,B0.5III,255,241,-32768,22700,900,1000,2.83,0.1,0.07,=,21,2,3,=,0.1,,0.04,<,-14.0,,0.4,1,158,Simbad,327.5104,52.6973,D24,MW
340.369322,40.225459,HD214993,97.652,-16.1818,B1.5III,3,25,44,24100,200,600,3.58,0.05,0.05,=,7,1,1,=,0.12,0.01,0.02,=,-13.6,0.2,0.2,1,223,Simbad,340.3693,40.2255,D24,MW
289.100782,67.135199,HD181653,98.22,22.4923,B1II-III,255,67,45,23800,800,600,3.31,0.08,0.08,=,12,2,2,=,0.11,0.02,0.03,<,-13.9,,0.1,1,107,Simbad,289.1008,67.1352,D24,MW
317.950912,59.986614,HD202214,98.5202,7.9852,O9.5IV,255,19,29,30100,200,300,3.74,0.04,0.04,=,5,2,1,=,0.11,0.01,0.01,<,-13.9,,0.0,1,219,Simbad,317.9509,59.9866,D24,MW
322.909962,57.502618,HD205196,98.571,4.4109,B0Ib,3,51,96,27100,300,500,2.97,0.05,0.07,=,23,1,2,=,0.1,,0.01,=,-13.2,0.2,0.1,1,130,Simbad,322.91,57.5026,D24,MW
324.609643,56.973738,HD206183,98.8944,3.4002,O9.5IV-V,255,8,27,32900,500,400,3.98,0.08,0.08,=,5,2,1,=,0.13,0.02,0.02,<,-13.9,,0.3,2,120,Simbad,324.6096,56.9737,D24,MW
323.932649,57.467627,HD205794,98.9524,4.0125,B0.5V,255,9,23,27800,700,900,3.91,0.15,0.14,=,4,2,2,=,0.12,,0.03,<,-13.9,,0.3,1,62,Simbad,323.9326,57.4676,D24,MW
330.922157,53.212556,HD209678,99.3277,-1.7926,B2I,255,30,61,20300,700,500,2.75,0.07,0.1,=,15,1,2,=,0.1,,0.03,<,-14.0,,0.5,1,97,Simbad,330.9222,53.2126,D24,MW
332.910774,52.430007,HD210809,99.8471,-3.1294,O9Iab,255,102,75,32700,600,800,3.27,0.08,0.08,=,25,2,4,=,0.1,,0.03,>,-12.5,0.0,,1,119,Simbad,332.9108,52.43,D24,MW
312.322439,64.042314,HD198781,99.9447,12.6137,B0.5V,255,240,-32768,25000,1400,1100,3.06,0.14,0.14,=,18,3,3,=,0.22,0.07,0.04,<,-14.0,,0.4,2,106,Simbad,312.3224,64.0423,D24,MW
322.747069,60.459504,HD205139,100.5455,6.6218,B1Ib,255,34,67,25200,300,300,3.03,0.04,0.05,=,16,1,1,=,0.12,0.01,0.02,=,-13.6,0.2,0.2,1,151,Simbad,322.7471,60.4595,D24,MW
326.9159,59.700385,HD207538,101.599,4.6727,O9.7IV,255,36,47,30900,200,300,3.74,0.06,0.05,=,12,1,1,=,0.1,,0.02,<,-14.0,,0.2,1,162,Simbad,326.9159,59.7004,D24,MW
334.279231,54.507674,HD235783,101.693,-1.8728,B1Ib,255,84,72,22900,1000,700,2.86,0.09,0.1,=,16,2,2,=,0.1,,0.03,<,-14.0,,0.5,1,86,Simbad,334.2792,54.5077,D24,MW
324.480127,62.081939,HD206165,102.2713,7.2469,B2Ib,3,41,58,19800,300,400,2.6,0.05,0.04,=,15,1,1,=,0.1,,0.02,=,-13.3,0.1,0.1,1,329,Simbad,324.4801,62.0819,D24,MW
335.561043,54.800339,HD235813,102.4742,-2.0339,B0III,255,196,-32768,28100,700,900,2.98,0.1,0.13,=,21,3,4,=,0.1,,0.04,=,-13.4,0.3,0.3,1,73,Simbad,335.561,54.8003,D24,MW
328.146446,62.712122,HD208218,103.9834,6.6198,B1III,255,22,44,23500,400,300,3.17,0.04,0.07,=,12,1,1,=,0.12,,0.02,=,-13.5,0.2,0.1,3,117,Simbad,328.1464,62.7121,D24,MW
337.236548,56.603275,HD239967,104.2298,-1.0036,B3II,255,90,110,20700,1700,2100,3.15,0.22,0.29,>,14,4,255,d,,,,<,-14.0,,0.4,1,42,Simbad,337.2365,56.6033,D24,MW
330.163635,62.487747,HD209339,104.5775,5.8693,O9.7IV,255,103,49,30900,300,300,3.71,0.03,0.09,=,7,3,2,=,0.1,,0.02,<,-14.0,,0.2,1,171,Simbad,330.1636,62.4877,D24,MW
338.439729,56.533055,BD+552770,104.7639,-1.4026,B1.5III,255,43,59,27400,2000,1500,3.67,0.24,0.25,=,8,3,5,d,,,,<,-14.0,,0.4,1,34,Simbad,338.4397,56.5331,D24,MW
331.286639,62.279766,HD209975,104.8706,5.3906,O9Ib,255,70,88,33900,500,600,3.32,0.05,0.06,>,29,4,255,=,0.11,,0.02,>,-12.6,0.0,,1,224,Simbad,331.2866,62.2798,D24,MW
342.992692,53.709761,HD216438,105.7188,-5.1213,B1II,255,21,45,23700,500,400,3.18,0.06,0.07,=,10,1,1,=,0.1,,0.02,=,-13.5,0.1,0.1,1,122,Simbad,342.9927,53.7098,D24,MW
332.001233,63.735534,HD210386,105.9967,6.3753,B1.5II-III,255,15,39,23900,500,600,3.4,0.09,0.08,=,11,1,1,=,0.15,0.02,0.03,<,-13.9,,0.2,3,91,Simbad,332.0012,63.7355,D24,MW
341.667697,58.295572,HD215806,107.1368,-0.6973,B0Ib,255,94,40,32400,1300,1500,3.31,0.18,0.13,=,15,3,5,=,0.1,,0.09,<,-13.2,,0.1,1,44,Simbad,341.6677,58.2956,D24,MW
342.890634,59.008543,HD216411,108.0269,-0.3497,B0.7Ia,3,60,75,23600,600,400,2.67,0.07,0.1,=,21,2,2,=,0.26,0.02,0.04,=,-12.7,0.1,0.1,3,99,Simbad,342.8906,59.0085,D24,MW
347.778888,53.05825,HD218915,108.0626,-6.8926,O9.2Iab,255,60,95,32500,500,600,3.24,0.06,0.06,>,30,3,255,=,0.1,,0.02,>,-12.6,0.0,,2,122,Simbad,347.7789,53.0582,D24,MW
336.772024,65.132282,HD213087,108.4991,6.3878,B0.5Ib,3,64,85,25600,200,300,2.86,0.04,0.04,=,20,1,1,=,0.1,,0.01,=,-13.3,0.1,0.1,1,239,Simbad,336.772,65.1323,D24,MW
337.323149,65.113346,HD213405,108.6878,6.2502,B0.5V,255,191,-32768,25000,1400,1600,3.46,0.12,0.16,=,4,3,3,=,0.13,0.03,0.03,<,-14.0,,0.3,1,88,Simbad,337.3231,65.1133,D24,MW
345.037742,59.619938,HD217490,109.279,-0.269,B0II,2,45,94,27400,1200,1000,3.02,0.17,0.19,=,12,4,3,=,0.1,,0.07,=,-13.0,0.2,0.2,1,45,Simbad,345.0377,59.6199,D24,MW
337.437078,66.477608,HD213481,109.4428,7.391,B1.5II-III,2,32,42,22600,300,400,3.38,0.05,0.04,=,12,1,1,=,0.1,,0.01,<,-13.9,,0.1,1,217,Simbad,337.4371,66.4776,D24,MW
346.653476,59.419741,HD218376,109.9477,-0.7834,B0.5III,3,29,56,26000,300,400,3.35,0.04,0.07,=,12,1,1,=,0.1,,0.02,=,-13.5,0.2,0.1,1,201,Simbad,346.6535,59.4197,D24,MW
348.514654,59.374744,HD219287,110.8071,-1.1851,B0.5Ia,2,91,72,27000,1100,900,2.87,0.18,0.18,>,29,4,255,=,0.1,,0.09,>,-12.6,0.1,,1,35,Simbad,348.5147,59.3747,D24,MW
347.811798,60.572684,HD218941,110.9261,0.0577,B1Ib,2,61,53,23400,1200,1100,3.06,0.16,0.12,=,11,2,3,=,0.11,,0.05,<,-13.7,,0.4,4,73,Simbad,347.8118,60.5727,D24,MW
349.749548,60.426562,HD240256,111.7621,-0.4249,B3Ib,2,26,47,17100,1000,1100,2.66,0.2,0.14,=,8,3,3,=,0.1,,0.07,<,-14.0,,0.4,1,48,Simbad,349.7495,60.4266,D24,MW
350.450771,60.847063,BD+602525,112.2297,-0.1485,B0.5III,2,24,44,27500,1200,800,3.44,0.2,0.11,=,9,3,3,=,0.1,,0.11,<,-14.0,,0.4,1,39,Simbad,350.4508,60.8471,D24,MW
349.265418,63.789431,BD+631962,112.7373,2.8015,B0.7IV,2,6,25,27500,300,300,3.89,0.05,0.05,=,6,1,1,=,0.14,0.01,0.01,=,-13.6,0.1,0.1,1,189,Simbad,349.2654,63.7894,D24,MW
349.33991,64.121132,BD+631964,112.8862,3.0998,B0Iab,2,61,100,26500,300,300,2.86,0.05,0.06,=,26,2,2,=,0.1,,0.02,=,-12.9,0.0,0.1,1,154,Simbad,349.3399,64.1211,D24,MW
356.175577,61.668016,BD+602615,115.1011,-0.1849,B0.5Ib(n),2,127,75,26400,1200,1100,2.85,0.14,0.21,=,19,4,5,=,0.1,,0.11,=,-13.3,0.3,0.3,1,42,Simbad,356.1756,61.668,D24,MW
355.947454,62.164809,BD+612509,115.1251,0.3228,B0.5Ib,255,49,103,28300,400,400,3.25,0.09,0.06,=,20,1,2,=,0.1,,0.01,=,-13.5,0.1,0.1,1,148,Simbad,355.9475,62.1648,D24,MW
359.103989,55.990374,HD224257,115.2459,-6.0581,B0.2IV,255,25,40,29200,400,500,3.72,0.09,0.08,=,9,2,2,=,0.13,0.02,0.02,<,-14.0,,0.4,1,111,Simbad,359.104,55.9904,D24,MW
356.924329,62.047944,BD+612526,115.538,0.0947,B1.5II,2,11,56,23200,800,2100,3.31,0.21,0.13,=,9,3,2,=,0.14,0.04,0.05,<,-13.9,,0.3,1,49,Simbad,356.9243,62.0479,D24,MW
357.125092,61.988747,BD+612529,115.615,0.0144,B1Ib,2,45,83,23500,500,500,2.83,0.08,0.05,=,20,2,1,=,0.1,,0.01,=,-13.2,0.2,0.1,1,125,Simbad,357.1251,61.9887,D24,MW
359.481276,57.084761,HD224436,115.6809,-5.0317,B1II,255,294,-32768,25000,700,500,3.05,0.07,0.07,=,19,2,2,=,0.1,,0.02,<,-14.0,,0.4,1,200,Simbad,359.4813,57.0848,D24,MW
356.834929,63.220109,BD+622296A,115.7854,1.2412,B2.5Iae,255,38,67,17300,1100,1100,2.1,0.16,0.24,=,13,4,5,=,0.1,,0.12,=,-13.1,0.2,0.1,2,37,Simbad,356.8349,63.2201,D24,MW
358.054122,60.916206,BD+602631,115.7952,-1.1323,B0.5III,255,126,52,26300,1900,1800,3.16,0.22,0.26,=,13,4,5,=,0.1,,0.11,<,-14.0,,0.5,1,37,Simbad,358.0541,60.9162,D24,MW
358.554634,61.606021,HD223987,116.1841,-0.5138,B1.5Iab,255,55,78,22700,600,1000,2.78,0.1,0.09,=,14,2,2,=,0.1,,0.05,=,-13.2,0.1,0.1,1,98,Simbad,358.5546,61.606,D24,MW
359.448685,59.720104,HD224424,116.2099,-2.4497,B1Iab,255,54,64,22200,400,400,2.69,0.07,0.05,=,17,2,1,=,0.19,0.03,0.03,=,-13.1,0.0,0.0,1,132,Simbad,359.4487,59.7201,D24,MW
358.675553,61.83892,HD224055,116.291,-0.2991,B3Ia,255,34,51,16600,300,300,2.04,0.07,0.06,=,17,2,2,=,0.1,,0.03,=,-13.3,0.1,0.2,1,99,Simbad,358.6756,61.8389,D24,MW
359.171428,61.396458,BD+602644,116.4264,-0.7818,B1III,2,15,36,23800,700,600,3.52,0.09,0.08,=,9,1,1,=,0.12,0.02,0.02,<,-13.9,,0.2,4,86,Simbad,359.1714,61.3965,D24,MW
355.296281,68.359832,HD222568,116.5029,6.3694,B1IV,255,18,39,23400,700,600,3.45,0.1,0.08,=,10,2,1,=,0.13,0.03,0.02,<,-13.9,,0.2,3,92,Simbad,355.2963,68.3598,D24,MW
0.989682,61.103681,HD225146,117.2263,-1.241,O9.7Iab,255,86,94,27400,600,500,2.95,0.07,0.09,=,22,2,2,=,0.1,,0.02,=,-13.3,0.1,0.2,1,105,Simbad,0.9897,61.1037,D24,MW
0.857115,63.64052,HD225094,117.6329,1.2638,B2.9Iab,255,31,61,16800,200,200,2.04,0.04,0.03,=,13,1,1,=,0.1,,0.01,=,-13.3,0.0,0.1,2,191,Simbad,0.8571,63.6405,D24,MW
3.395749,64.164913,BD+6312,118.8214,1.5957,O9Ib,255,59,43,31900,1500,1600,3.45,0.23,0.22,=,12,5,5,=,0.11,,0.08,<,-13.9,,0.6,1,33,Simbad,3.3957,64.1649,D24,MW
5.023066,62.066256,HD1544,119.2697,-0.5824,B0.5III(n),255,201,-32768,26400,1200,1200,3.03,0.15,0.15,=,15,4,3,=,0.19,0.04,0.08,<,-13.9,,0.5,1,88,Simbad,5.0231,62.0663,D24,MW
7.199931,62.506296,HD2451,120.3225,-0.2507,B0.5IV,255,88,63,29300,400,600,3.56,0.07,0.12,=,13,2,2,=,0.1,,0.02,<,-14.0,,0.3,1,88,Simbad,7.1999,62.5063,D24,MW
7.61796,65.272173,HD2619,120.7398,2.4897,B0.5III,255,16,45,28700,400,400,3.66,0.08,0.1,=,10,1,2,=,0.13,0.02,0.03,<,-13.9,,0.2,1,97,Simbad,7.618,65.2722,D24,MW
8.249871,62.931793,HD2905,120.8361,0.1351,B0.7Ia,3,59,78,24400,300,300,2.88,0.05,0.04,=,22,1,1,=,0.1,,0.01,=,-12.9,0.1,0.1,1,389,Simbad,8.2499,62.9318,D24,MW
9.290105,61.360121,BD+6073,121.2214,-1.4642,B1Ib,255,140,62,24700,600,600,2.92,0.1,0.07,=,21,2,3,=,0.11,,0.04,<,-14.0,,0.4,1,101,Simbad,9.2901,61.3601,D24,MW
10.185805,63.916638,BD+6370,121.7565,1.0693,B0Ib,255,62,66,27100,1000,1500,3.08,0.18,0.25,=,15,5,4,=,0.1,,0.11,=,-13.3,0.3,0.4,1,40,Simbad,10.1858,63.9166,D24,MW
11.214259,65.265246,BD+6476,122.243,2.4023,B1Ib,255,128,74,23300,1400,2000,2.99,0.24,0.24,=,13,4,5,=,0.1,,0.12,<,-13.6,,0.2,1,38,Simbad,11.2143,65.2652,D24,MW
11.30366,64.391921,BD+6389,122.2593,1.5283,B1Ib,255,80,55,25400,2100,1500,3.09,0.2,0.26,=,11,4,4,=,0.1,,0.11,<,-13.8,,0.3,1,36,Simbad,11.3037,64.3919,D24,MW
12.259446,65.55039,HD4613,122.6833,2.6798,B1II,255,27,59,23600,1600,1000,2.97,0.2,0.14,=,12,3,3,=,0.1,,0.08,<,-13.7,,0.2,1,42,Simbad,12.2594,65.5504,D24,MW
12.472078,64.637749,HD4694,122.7659,1.7665,B3Ia,255,24,52,16500,800,800,2.28,0.14,0.14,=,13,3,3,=,0.1,,0.08,<,-13.9,,0.5,1,51,Simbad,12.4721,64.6377,D24,MW
12.647514,62.366087,BD+61175,122.8336,-0.5055,B3II,255,13,51,17300,1400,1100,2.65,0.22,0.18,=,10,5,3,=,0.14,0.03,0.07,<,-14.0,,0.3,1,30,Simbad,12.6475,62.3661,D24,MW
14.611718,63.713588,HD5551,123.7079,0.8524,B1.5Iab,3,57,52,21100,600,500,2.67,0.08,0.06,=,16,2,1,=,0.1,,0.03,=,-13.3,0.1,0.1,2,113,Simbad,14.6117,63.7136,D24,MW
16.015204,61.810515,HD6182,124.4223,-1.0247,B1Ibp,255,38,68,25200,600,600,3.08,0.1,0.06,=,16,2,2,=,0.1,,0.04,=,-13.5,0.2,0.2,1,100,Simbad,16.0152,61.8105,D24,MW
17.304442,69.686522,HD6675,124.4848,6.8684,B0.2III,3,29,66,28400,300,400,3.33,0.06,0.06,=,14,1,1,=,0.1,,0.01,<,-13.8,,0.1,1,134,Simbad,17.3044,69.6865,D24,MW
18.136527,61.885589,HD7103,125.4162,-0.8843,B3Ib,255,35,26,16800,400,400,2.42,0.07,0.09,=,13,2,2,=,0.1,,0.02,=,-13.5,0.3,0.2,1,85,Simbad,18.1365,61.8856,D24,MW
19.792865,58.349188,BD+57247,126.5741,-4.3263,O9.5IV,255,22,28,32600,1100,1300,4.01,0.27,0.19,=,11,3,3,>,0.24,0.08,,<,-14.0,,0.6,1,33,Simbad,19.7929,58.3492,D24,MW
19.939758,58.663302,HD236695,126.6163,-4.0057,B1.5II,2,38,32,21800,600,600,3.29,0.1,0.09,=,11,1,2,=,0.1,,0.03,<,-14.0,,0.2,1,83,Simbad,19.9398,58.6633,D24,MW
19.892465,58.25616,BD+57252,126.6364,-4.4131,B1IV,255,25,72,23800,1900,2000,3.46,0.25,0.26,=,11,2,3,=,0.13,,0.05,<,-14.0,,0.4,1,34,Simbad,19.8925,58.2562,D24,MW
21.859633,60.284459,HD236740,127.3829,-2.2758,B2Ib,255,31,45,18600,600,600,2.64,0.08,0.09,=,12,1,1,=,0.1,,0.01,<,-14.0,,0.3,2,115,Simbad,21.8596,60.2845,D24,MW
22.463948,60.251263,HD8965,127.6845,-2.2655,B0.5V,255,123,15,28000,500,900,3.81,0.07,0.11,=,5,2,3,=,0.13,0.02,0.03,<,-13.9,,0.3,1,124,Simbad,22.4639,60.2513,D24,MW
25.219946,64.173115,HD10125,128.2856,1.8165,O9.7II,255,171,82,29300,300,500,3.16,0.06,0.07,=,20,1,1,=,0.1,,0.01,=,-13.4,0.1,0.2,1,150,Simbad,25.2199,64.1731,D24,MW
24.105159,60.980502,BD+60279,128.3621,-1.4161,B2II,255,42,31,22800,600,700,3.3,0.08,0.11,=,13,1,1,=,0.1,,0.03,<,-14.0,,0.2,1,87,Simbad,24.1052,60.9805,D24,MW
24.609542,60.562962,HD236810,128.6787,-1.7833,B2III,255,80,37,19600,500,500,3.02,0.08,0.09,=,11,2,1,=,0.1,,0.02,>,-12.9,0.0,,3,117,Simbad,24.6095,60.563,D24,MW
24.838586,60.408391,HD236815,128.818,-1.9146,B0.5III,255,37,64,26100,600,500,3.16,0.1,0.07,=,13,2,2,=,0.1,,0.04,<,-13.8,,0.3,1,98,Simbad,24.8386,60.4084,D24,MW
26.520392,61.228233,BD+60333,129.4601,-0.949,B5Ib,255,25,50,15100,400,500,2.34,0.07,0.09,=,10,1,1,=,0.1,,0.02,<,-14.0,,0.1,1,105,Simbad,26.5204,61.2282,D24,MW
26.690399,61.50261,BD+60345,129.4817,-0.6636,B0II:,255,32,64,28500,600,600,3.29,0.11,0.14,=,16,2,2,=,0.1,,0.04,<,-13.8,,0.2,1,62,Simbad,26.6904,61.5026,D24,MW
26.599108,61.258224,BD+60339,129.4908,-0.9117,B6Iabe,255,21,56,14700,400,500,2.24,0.06,0.1,=,12,1,1,=,0.1,,0.03,<,-14.0,,0.1,1,94,Simbad,26.5991,61.2582,D24,MW
26.643789,61.262471,BD+60343A,129.5109,-0.903,B6Ia,255,30,33,19400,500,500,2.93,0.08,0.11,=,12,2,1,=,0.1,,0.03,<,-13.9,,0.2,1,95,Simbad,26.6438,61.2625,D24,MW
26.83399,61.131996,BD+60351,129.6283,-1.0109,B6Iab,255,16,38,17100,700,600,2.73,0.16,0.1,=,8,2,2,=,0.1,,0.04,<,-13.8,,0.3,1,67,Simbad,26.834,61.132,D24,MW
29.402911,65.410071,HD11744,129.7489,3.4179,B2III,255,22,48,17700,400,300,3.15,0.07,0.06,=,8,1,1,=,0.1,,0.01,<,-14.0,,0.1,1,193,Simbad,29.4029,65.4101,D24,MW
28.24452,60.854336,BD+60369,130.3574,-1.1271,B2II,255,94,64,21100,1100,1200,3.0,0.14,0.13,=,14,3,2,=,0.1,,0.06,<,-13.8,,0.2,1,64,Simbad,28.2445,60.8543,D24,MW
27.146005,58.457854,HD10898,130.3637,-3.5869,B2.5Ib,1,40,50,18700,300,500,2.56,0.08,0.04,=,14,1,1,=,0.1,,0.01,=,-13.4,0.1,0.1,2,116,Simbad,27.146,58.4579,D24,MW
26.509171,55.331948,HD232522,130.6998,-6.7142,B1II,255,110,29,25900,700,700,3.48,0.08,0.08,=,11,2,2,=,0.11,,0.02,<,-14.0,,0.2,1,115,Simbad,26.5092,55.3319,D24,MW
31.256081,64.385588,HD12509,130.7819,2.6412,B1III,255,35,55,23800,600,400,3.17,0.07,0.07,=,13,1,1,=,0.1,,0.03,=,-13.7,0.1,0.3,1,130,Simbad,31.2561,64.3856,D24,MW
31.3827,64.287015,HD12567,130.8624,2.5621,B0.5III,255,162,65,25900,800,800,3.2,0.1,0.09,=,15,3,3,=,0.16,0.04,0.04,<,-14.0,,0.5,1,108,Simbad,31.3827,64.287,D24,MW
30.654978,60.079775,BD+59387,131.7037,-1.5741,B2.5IIN-weak,1,64,93,21000,1900,2000,2.97,0.24,0.21,=,10,3,5,d,,,,<,-14.0,,0.5,1,35,Simbad,30.655,60.0798,D24,MW
30.655659,59.97555,BD+59388,131.7324,-1.6743,BN2.5III,1,13,38,20500,1300,1800,3.18,0.25,0.27,=,11,4,2,d,,,,<,-13.9,,0.3,1,30,Simbad,30.6557,59.9755,D24,MW
32.40762,59.620361,HD13036,132.6788,-1.7635,B0.2III,1,51,79,27600,500,700,3.26,0.08,0.13,=,16,3,2,=,0.11,,0.03,=,-13.5,0.2,0.3,1,90,Simbad,32.4076,59.6204,D24,MW
32.375318,58.783735,HD13022,132.9123,-2.5671,O9.7III,1,123,57,29200,300,400,3.14,0.05,0.05,=,18,1,1,=,0.1,,0.01,<,-13.8,,0.1,1,165,Simbad,32.3753,58.7837,D24,MW
30.953694,55.120756,HD232590,133.225,-6.298,B1.5III,255,116,45,22500,700,900,3.26,0.1,0.08,=,13,2,1,=,0.1,,0.04,<,-13.9,,0.1,1,104,Simbad,30.9537,55.1208,D24,MW
33.405618,59.170801,HD236954,133.3002,-2.0365,B3Ib-II,1,143,61,19600,1100,1700,2.98,0.22,0.15,>,15,4,255,=,0.1,,0.06,<,-14.0,,0.3,2,60,Simbad,33.4056,59.1708,D24,MW
34.04493,59.684922,BD+59451,133.4456,-1.4458,B1Ib-II,1,130,34,25300,2100,1200,3.04,0.18,0.27,=,13,4,5,=,0.11,,0.09,<,-13.9,,0.4,1,40,Simbad,34.0449,59.6849,D24,MW
33.431699,58.436314,BD+57520,133.543,-2.7299,B1III,1,25,40,26000,1100,1500,3.53,0.2,0.2,=,10,3,2,=,0.14,0.04,0.05,<,-14.0,,0.3,1,40,Simbad,33.4317,58.4363,D24,MW
34.841765,59.727329,BD+59461,133.8116,-1.2741,B1II,1,26,52,23600,900,800,3.43,0.13,0.1,=,11,2,2,=,0.1,,0.04,<,-13.9,,0.2,1,70,Simbad,34.8418,59.7273,D24,MW
33.777118,56.926522,HD13659,134.1962,-4.1041,B1Ib,1,32,55,24300,400,600,3.04,0.06,0.08,=,12,1,2,=,0.1,,0.01,=,-13.6,0.2,0.2,1,129,Simbad,33.7771,56.9265,D24,MW
34.193231,57.029366,HD13841,134.3783,-3.9338,B1.5Ib,3,43,62,22400,500,600,2.76,0.06,0.06,=,15,1,2,=,0.1,,0.03,=,-13.3,0.2,0.1,1,139,Simbad,34.1932,57.0294,D24,MW
34.215559,57.055223,HD13854,134.3814,-3.9054,B1Iab,3,55,70,22500,300,300,2.64,0.04,0.04,=,18,1,1,=,0.17,0.02,0.02,=,-13.3,0.0,0.0,2,161,Simbad,34.2156,57.0552,D24,MW
34.163457,56.737776,HD13831,134.4577,-4.2149,O9.7III,1,439,-32768,29900,1500,1600,3.27,0.16,0.11,>,29,5,255,=,0.12,,0.04,>,-12.6,0.1,,3,117,Simbad,34.1635,56.7378,D24,MW
34.457787,57.090453,HD13969,134.4946,-3.8291,B0.7III,3,36,81,25300,1000,800,3.29,0.09,0.15,=,11,3,2,=,0.1,,0.06,<,-14.0,,0.4,1,75,Simbad,34.4578,57.0905,D24,MW
34.239999,56.718809,HD13866,134.5037,-4.2192,BC2Ib,1,53,58,21500,600,400,2.81,0.06,0.06,=,15,1,1,=,0.1,,0.01,<,-13.9,,0.1,1,130,Simbad,34.24,56.7188,D24,MW
34.61744,57.208406,HD14052,134.5376,-3.6892,B1Ib-II,1,39,53,24000,700,800,3.08,0.11,0.08,=,12,2,2,=,0.1,,0.04,<,-13.7,,0.3,1,85,Simbad,34.6174,57.2084,D24,MW
34.700129,57.285543,BD+56508,134.5543,-3.6016,B2.0V,255,40,51,25200,600,900,3.61,0.08,0.1,=,10,1,2,=,0.17,0.02,0.04,<,-14.0,,0.3,3,103,Simbad,34.7001,57.2855,D24,MW
33.941362,55.996292,HD13745,134.581,-4.9564,O9.7II(n),1,208,-32768,29500,800,1000,3.06,0.1,0.11,=,25,3,3,=,0.11,,0.04,<,-13.6,,0.2,1,103,Simbad,33.9414,55.9963,D24,MW
34.596128,57.010194,HD14053,134.5923,-3.8801,B0.7II,3,23,47,25100,400,500,3.3,0.05,0.08,=,11,1,1,=,0.1,,0.02,=,-13.6,0.2,0.2,1,131,Simbad,34.5961,57.0102,D24,MW
37.713948,61.177755,BD+60493,134.6234,0.5832,B0.5Ia,1,57,106,26100,800,900,2.85,0.14,0.16,=,24,4,4,=,0.13,,0.06,=,-12.8,0.2,0.2,1,51,Simbad,37.7139,61.1778,D24,MW
33.637406,55.31709,HD13621,134.6356,-5.6548,B1V,255,155,55,26800,1200,900,3.47,0.11,0.13,=,8,4,3,=,0.16,0.04,0.03,<,-14.0,,0.3,1,89,Simbad,33.6374,55.3171,D24,MW
34.768593,57.135499,HD14134,134.6393,-3.7308,B3Ia,3,37,51,16700,300,400,2.17,0.05,0.05,=,14,1,1,=,0.1,,0.01,=,-13.3,0.1,0.1,2,139,Simbad,34.7686,57.1355,D24,MW
38.069764,61.554153,BD+60499,134.6396,0.9961,O9.5V,255,25,30,32600,600,600,3.77,0.09,0.11,=,5,3,3,=,0.1,,0.04,<,-14.0,,0.3,1,70,Simbad,38.0698,61.5542,D24,MW
34.808092,57.169186,HD14143,134.6483,-3.6919,B2Ia,3,55,63,19900,300,500,2.5,0.07,0.04,=,14,1,1,=,0.23,0.05,0.02,=,-13.1,0.0,0.0,2,134,Simbad,34.8081,57.1692,D24,MW
34.78859,57.135061,BD+56525,134.6497,-3.7276,B0.5V,255,136,63,22400,800,700,3.3,0.08,0.11,=,12,2,1,=,0.1,,0.03,<,-13.9,,0.2,1,102,Simbad,34.7886,57.1351,D24,MW
34.793499,57.13062,BD+56527,134.6537,-3.7309,B1.5II,1,97,58,22800,1000,800,2.93,0.11,0.09,=,14,2,2,=,0.1,,0.04,<,-14.0,,0.4,1,89,Simbad,34.7935,57.1306,D24,MW
34.864387,57.13822,HD14162,134.6875,-3.7109,B0.5V,255,157,77,24500,1200,1000,3.4,0.07,0.14,=,10,2,2,=,0.1,,0.03,<,-13.9,,0.2,1,95,Simbad,34.8644,57.1382,D24,MW
34.500169,56.232595,HD14014,134.7995,-4.6316,B0.5V,255,36,79,26300,800,600,3.63,0.11,0.06,=,11,2,2,=,0.12,0.03,0.02,<,-14.0,,0.2,1,108,Simbad,34.5002,56.2326,D24,MW
35.281959,57.166831,BD+56553,134.8915,-3.6076,B1IV,2,36,34,23900,800,500,3.43,0.1,0.09,=,11,1,1,=,0.1,,0.03,<,-13.9,,0.2,1,84,Simbad,35.282,57.1668,D24,MW
33.466064,53.914624,HD13544,134.9874,-7.0166,B0.5IV,255,317,-32768,26000,1700,1400,3.2,0.17,0.15,=,12,4,5,=,0.13,,0.06,<,-14.0,,0.4,1,90,Simbad,33.4661,53.9146,D24,MW
35.293435,56.865631,HD14357,135.0001,-3.8887,B1.5II,1,141,67,21800,600,800,2.99,0.08,0.07,=,14,2,1,=,0.1,,0.01,<,-14.0,,0.5,1,166,Simbad,35.2934,56.8656,D24,MW
35.570598,57.271898,HD14476,135.0026,-3.4554,B1II,1,32,56,24700,700,1100,3.24,0.12,0.11,=,10,2,2,=,0.1,,0.05,<,-13.8,,0.3,1,78,Simbad,35.5706,57.2719,D24,MW
35.50245,57.144949,HD14443,135.0116,-3.5873,BC1.5Ib,1,30,59,22300,500,600,2.95,0.09,0.05,=,13,2,1,=,0.1,,0.02,=,-13.3,0.5,0.1,1,118,Simbad,35.5025,57.1449,D24,MW
35.530785,57.111745,BD+56574,135.0375,-3.6132,BC1.5Ib-II,1,194,-32768,22700,700,800,2.99,0.09,0.07,=,15,2,2,=,0.1,,0.02,<,-13.8,,0.2,1,134,Simbad,35.5308,57.1117,D24,MW
35.540395,57.117289,BD+56576,135.0405,-3.6062,B1III,1,15,30,23700,900,1500,3.55,0.16,0.22,=,7,2,2,=,0.11,,0.06,<,-13.8,,0.2,1,37,Simbad,35.5404,57.1173,D24,MW
35.573784,57.123534,BD+56578,135.0554,-3.5941,BN2II-III,1,55,49,22600,1400,1600,3.23,0.19,0.13,=,3,1,1,=,0.15,0.03,0.05,=,-13.6,0.1,0.3,1,62,Simbad,35.5738,57.1235,D24,MW
35.142234,56.329982,HD14302,135.1039,-4.4208,B1.5Ib-II,1,66,50,22700,400,400,3.08,0.05,0.06,=,13,1,1,=,0.1,,0.01,=,-13.7,0.2,0.2,1,156,Simbad,35.1422,56.33,D24,MW
35.681463,57.086794,HD14520,135.1231,-3.6084,B1.5II,1,88,54,23000,1300,2000,3.31,0.23,0.18,=,9,3,4,=,0.12,,0.06,<,-14.0,,0.3,1,44,Simbad,35.6815,57.0868,D24,MW
36.009268,57.353916,HD14661,135.1966,-3.2962,B1.5I,1,38,59,24600,1100,900,3.3,0.13,0.11,=,12,2,3,=,0.1,,0.05,<,-13.8,,0.3,2,64,Simbad,36.0093,57.3539,D24,MW
31.547617,49.156295,HD12740,135.2984,-11.9122,B1.5II,255,66,85,23000,700,700,3.14,0.09,0.1,=,16,2,2,=,0.1,,0.03,<,-13.9,,0.2,1,95,Simbad,31.5476,49.1563,D24,MW
38.700293,60.552069,HD15785,135.3058,0.1877,B1Iab,1,59,72,24100,700,600,2.8,0.09,0.09,=,16,2,2,=,0.1,,0.04,=,-13.1,0.2,0.1,1,93,Simbad,38.7003,60.5521,D24,MW
35.21422,55.825361,HD14331,135.3135,-4.8819,B0III,1,57,78,29200,500,500,3.24,0.08,0.08,=,16,1,2,=,0.1,,0.02,<,-13.8,,0.3,1,99,Simbad,35.2142,55.8254,D24,MW
36.690368,57.67919,HD14956,135.4233,-2.8622,B1.5Ia,3,52,72,21100,300,200,2.64,0.05,0.04,=,17,1,1,=,0.18,0.01,0.01,=,-13.1,0.0,0.0,1,162,Simbad,36.6904,57.6792,D24,MW
36.316748,56.609867,HD14818,135.6167,-3.9333,B2Ia,1,45,64,20300,400,200,2.52,0.05,0.04,=,15,1,1,=,0.15,0.01,0.02,=,-13.2,0.0,0.0,2,184,Simbad,36.3167,56.6099,D24,MW
36.495874,56.657913,HD14870,135.6918,-3.8533,B1III,2,123,74,24900,1200,1000,3.62,0.13,0.11,=,9,2,2,=,0.11,,0.02,<,-14.0,,0.3,1,95,Simbad,36.4959,56.6579,D24,MW
37.510276,57.248893,HD15325,135.9919,-3.1013,B1IV,255,89,71,23500,1000,900,3.3,0.1,0.1,=,11,1,3,=,0.1,,0.04,<,-13.9,,0.2,1,93,Simbad,37.5103,57.2489,D24,MW
37.785126,57.527095,BD+56640,136.0254,-2.7879,B2III:,255,176,53,28300,1200,1300,3.76,0.18,0.13,=,9,3,2,=,0.13,0.03,0.03,<,-13.9,,0.2,1,72,Simbad,37.7851,57.5271,D24,MW
38.547684,58.405468,HD15752,136.065,-1.8217,B0III,255,255,-32768,27400,1900,2100,2.9,0.19,0.27,=,20,7,6,=,0.13,0.02,0.1,=,-13.3,0.5,0.3,2,50,Simbad,38.5477,58.4055,D24,MW
38.103351,57.428996,HD15571,136.2211,-2.8141,B1Ib,1,49,60,24700,700,700,3.0,0.1,0.08,=,12,2,2,=,0.14,0.03,0.04,=,-13.5,0.2,0.3,1,89,Simbad,38.1034,57.429,D24,MW
38.386607,57.537459,HD15690,136.3205,-2.6557,B2Iab-Ib,3,46,50,19800,300,800,2.58,0.07,0.07,=,17,1,2,=,0.1,,0.02,=,-13.4,0.4,0.2,1,87,Simbad,38.3866,57.5375,D24,MW
39.845936,59.066534,HD16310,136.423,-0.9483,B1II:,1,57,58,23700,500,800,2.88,0.11,0.06,=,19,3,2,=,0.1,,0.03,=,-13.2,0.2,0.1,1,86,Simbad,39.8459,59.0665,D24,MW
39.658748,57.81698,HD16243,136.8367,-2.1315,B2II:,1,24,54,17000,400,300,2.4,0.04,0.06,=,15,1,1,=,0.1,,0.01,<,-14.0,,0.2,1,159,Simbad,39.6587,57.817,D24,MW
38.234909,55.327536,HD15642,137.0917,-4.729,O9.5II-IIIn,1,248,-32768,29600,600,500,3.24,0.07,0.08,=,14,1,2,=,0.1,,0.02,=,-13.6,0.2,0.2,1,201,Simbad,38.2349,55.3275,D24,MW
45.123758,62.72194,HD18409,137.1199,3.4608,O9.7Ib,255,146,76,29500,400,300,3.09,0.04,0.05,=,19,1,1,=,0.1,,0.01,=,-13.5,0.1,0.1,1,162,Simbad,45.1238,62.7219,D24,MW
41.0282,58.326289,HD16808,137.2879,-1.3696,B0.2Ib,3,78,73,26300,300,500,2.96,0.06,0.08,=,25,2,3,=,0.1,,0.02,=,-13.2,0.1,0.1,1,119,Simbad,41.0282,58.3263,D24,MW
40.910535,57.828028,HD16779,137.4405,-1.848,B1.5IbN-weak,1,41,80,22700,1800,1400,2.85,0.21,0.17,=,14,3,3,=,0.1,,0.09,<,-13.6,,0.2,1,43,Simbad,40.9105,57.828,D24,MW
36.99926,52.549274,HD15137,137.4611,-7.5772,O9.5II-IIIn,255,345,-32768,29900,500,600,3.17,0.08,0.05,=,25,2,2,=,0.11,,0.02,<,-13.6,,0.2,1,208,Simbad,36.9993,52.5493,D24,MW
44.947399,61.289926,HD18352,137.7273,2.161,B1V,255,51,51,24800,800,600,3.59,0.08,0.08,=,8,2,1,=,0.11,0.02,0.02,<,-14.0,,0.3,1,122,Simbad,44.9474,61.2899,D24,MW
41.053058,56.657586,HD16832,138.0024,-2.8779,O9.2III,1,57,60,30900,300,400,3.32,0.04,0.04,=,16,1,1,=,0.1,,0.01,<,-14.0,,0.2,1,154,Simbad,41.0531,56.6576,D24,MW
44.218241,59.088949,HD18076,138.4374,0.0464,B0II-III,255,82,121,28400,1200,1400,3.26,0.25,0.26,=,20,5,5,=,0.1,,0.09,>,-12.6,0.2,,2,49,Simbad,44.2182,59.0889,D24,MW
50.223135,60.030351,HD20508,140.5951,2.3875,B1.5IV,255,108,44,23200,2000,2100,3.57,0.23,0.17,=,3,1,4,=,0.12,,0.04,<,-14.0,,0.3,1,67,Simbad,50.2231,60.0304,D24,MW
60.729875,62.421307,HD25090,143.1862,7.3411,B0.5III,255,25,48,25800,500,300,3.48,0.06,0.06,=,11,1,1,=,0.11,0.02,0.02,<,-13.9,,0.2,1,129,Simbad,60.7299,62.4213,D24,MW
61.964203,62.330136,HD25639,143.6754,7.6583,B0III,255,262,-32768,28400,700,800,3.11,0.11,0.09,=,22,3,2,=,0.1,,0.03,<,-13.7,,0.2,1,129,Simbad,61.9642,62.3301,D24,MW
61.533594,62.101863,HD25443,143.682,7.3544,B0.5III,255,32,76,27300,300,200,3.3,0.05,0.04,=,15,1,1,=,0.1,,0.01,<,-13.8,,0.1,1,211,Simbad,61.5336,62.1019,D24,MW
73.512615,66.342667,HD30614,144.0656,14.0424,O9Ia,255,122,87,29000,400,300,2.91,0.05,0.04,>,30,1,255,=,0.1,,0.01,>,-12.5,0.0,,1,392,Simbad,73.5126,66.3427,D24,MW
54.433995,56.739391,HD22253,144.2776,0.9244,B0.5III,255,283,-32768,23700,1300,900,2.88,0.12,0.11,=,20,3,3,=,0.16,0.03,0.06,<,-14.0,,0.4,1,125,Simbad,54.434,56.7394,D24,MW
60.815244,56.540237,HD237211,147.1367,2.9689,O9.5Iab,255,54,64,33600,600,500,3.34,0.05,0.07,>,30,2,255,=,0.14,0.02,0.02,>,-12.5,0.0,,1,128,Simbad,60.8152,56.5402,D24,MW
57.364898,52.655383,HD23675,148.1032,-1.2905,B0.5III,255,50,69,26900,200,300,3.09,0.04,0.04,=,17,1,1,=,0.1,,0.01,=,-13.7,0.1,0.2,1,198,Simbad,57.3649,52.6554,D24,MW
57.604519,52.481897,HD23800,148.3254,-1.3348,B1IV,255,199,-32768,24500,800,900,3.39,0.09,0.09,=,7,4,3,=,0.16,0.03,0.03,>,-13.0,0.1,,2,147,Simbad,57.6045,52.4819,D24,MW
58.853548,49.040542,HD24432,151.1206,-3.4953,B3II,255,24,45,15000,400,300,2.48,0.08,0.06,=,8,2,1,=,0.11,,0.03,<,-14.0,,0.1,1,115,Simbad,58.8535,49.0405,D24,MW
68.003865,53.912637,HD28446B,151.9114,3.9504,B1IV:,255,11,25,29500,300,200,3.93,0.04,0.05,=,5,1,1,=,0.11,0.01,0.01,=,-13.6,0.2,0.1,1,180,Simbad,68.0039,53.9126,D24,MW
68.007708,53.910791,HD28446A,151.9143,3.9508,O9.7IIn,255,317,-32768,29200,600,500,3.38,0.06,0.09,=,14,3,2,=,0.1,,0.03,<,-14.0,,0.3,1,213,Simbad,68.0077,53.9108,D24,MW
66.371347,46.143719,HD27795,156.8108,-2.171,B1V,255,8,28,22500,500,500,3.45,0.08,0.07,=,7,1,1,=,0.12,0.02,0.02,<,-13.9,,0.2,3,106,Simbad,66.3713,46.1437,D24,MW
58.532974,31.883642,HD24398,162.2891,-16.6904,B1Ib,3,39,62,23500,400,300,2.96,0.05,0.04,=,15,1,1,=,0.1,,0.01,=,-13.7,0.1,0.4,1,344,Simbad,58.533,31.8836,D24,MW
74.083694,36.168479,HD31327,168.1414,-4.4022,B2II,3,31,51,20600,300,500,2.9,0.06,0.05,=,13,1,1,=,0.1,,0.01,<,-14.0,,0.4,1,222,Simbad,74.0837,36.1685,D24,MW
77.578369,37.301807,HD33203B,168.9461,-1.49,B2II,255,114,15,22100,1000,1000,3.31,0.12,0.14,=,10,2,2,>,0.22,0.02,,<,-14.0,,0.2,4,76,Simbad,77.5784,37.3018,D24,MW
79.075651,34.312346,HD34078,172.0813,-2.2592,O9.5V,255,10,32,33400,300,200,3.94,0.05,0.04,=,7,1,1,=,0.11,0.01,0.01,<,-13.7,,0.1,1,248,Simbad,79.0757,34.3123,D24,MW
83.421468,36.459699,HD36483,172.294,1.8776,O9.5IV(n),255,188,-32768,31900,600,700,3.62,0.09,0.09,=,2,1,4,=,0.1,,0.03,<,-14.0,,0.2,1,125,Simbad,83.4215,36.4597,D24,MW
82.939722,34.881959,HD36212,173.4034,0.6892,B3II,3,17,44,19000,400,400,2.87,0.09,0.05,=,10,1,1,=,0.1,,0.01,<,-14.0,,0.2,1,120,Simbad,82.9397,34.882,D24,MW
85.629847,36.200091,HD37737,173.4643,3.2435,O9.5II-III(n),255,210,-32768,30700,800,500,3.45,0.11,0.09,=,13,3,3,=,0.1,,0.03,<,-14.0,,0.3,1,135,Simbad,85.6298,36.2001,D24,MW
81.941388,33.945912,HD35653,173.7298,-0.5141,B0.5V,255,39,60,23900,600,500,3.04,0.07,0.06,=,14,2,1,=,0.1,,0.02,=,-13.4,0.3,0.2,1,127,Simbad,81.9414,33.9459,D24,MW
84.287462,34.811951,HD37032,174.0618,1.5808,B0.5V,255,94,15,30900,600,600,3.85,0.12,0.1,=,6,3,3,=,0.13,0.03,0.02,<,-14.0,,0.4,1,95,Simbad,84.2875,34.812,D24,MW
86.27285,35.163225,HD38131,174.6231,3.1475,B0.5V,255,94,43,26500,500,400,3.42,0.06,0.06,=,11,1,1,=,0.1,,0.01,<,-14.0,,0.3,1,170,Simbad,86.2728,35.1632,D24,MW
83.18203,32.192002,HD36371,175.7664,-0.612,B4Ia,3,32,53,15700,200,200,2.03,0.03,0.04,=,16,1,1,=,0.1,,0.01,=,-13.3,0.1,0.1,1,264,Simbad,83.182,32.192,D24,MW
88.917809,27.715618,HD39746,182.1813,1.2746,B1II,255,199,-32768,23500,600,700,2.93,0.06,0.07,=,17,1,2,=,0.1,,0.01,<,-14.0,,0.3,1,168,Simbad,88.9178,27.7156,D24,MW
91.527245,28.934795,HD41398,182.2568,3.8739,B2Ib,255,49,67,22000,700,800,2.6,0.11,0.08,=,18,2,2,=,0.18,0.04,0.05,=,-13.0,0.1,0.1,1,111,Simbad,91.5272,28.9348,D24,MW
162.097936,37.570304,HD93521,183.1403,62.152,O9.5IIInn,255,459,-32768,30300,700,600,3.18,0.06,0.05,>,29,1,255,=,0.16,0.03,0.03,<,-14.0,,0.2,2,223,Simbad,162.0979,37.5703,D24,MW
89.498536,25.953883,HD40111,183.9655,0.8388,B0/1II/III,255,138,56,25800,400,400,2.97,0.05,0.06,=,16,2,2,=,0.16,0.02,0.03,=,-13.2,0.2,0.2,1,269,Simbad,89.4985,25.9539,D24,MW
90.274477,23.339035,HD250289,186.5845,0.1488,B2III:e,255,96,61,20700,1000,800,2.89,0.12,0.09,=,8,2,2,=,0.1,,0.02,=,-13.5,0.1,0.1,1,141,Simbad,90.2745,23.339,D24,MW
90.281932,23.304833,HD250290,186.6176,0.1378,B3Ib,255,36,34,15300,400,600,2.19,0.07,0.09,=,12,1,1,=,0.1,,0.02,<,-14.0,,0.1,1,95,Simbad,90.2819,23.3048,D24,MW
91.891209,23.739085,HD251847,186.9632,1.6366,B1IV,255,19,31,28100,800,600,3.79,0.12,0.12,=,6,2,2,=,0.11,0.02,0.02,<,-14.0,,0.3,2,75,Simbad,91.8912,23.7391,D24,MW
92.433303,23.113462,HD42087,187.7518,1.7688,B2.5Ib,3,39,57,19600,400,400,2.57,0.05,0.05,=,14,1,1,=,0.1,,0.01,=,-13.4,0.1,0.1,1,214,Simbad,92.4333,23.1135,D24,MW
94.244613,23.740936,HD43384,187.9942,3.5287,B3Iab,255,28,53,15900,200,400,2.14,0.07,0.04,=,15,1,2,=,0.1,,0.02,=,-13.4,0.1,0.1,1,122,Simbad,94.2446,23.7409,D24,MW
94.830429,23.469462,HD43818,188.4873,3.8747,B0II,255,57,83,26700,500,400,2.87,0.08,0.07,=,23,2,4,=,0.1,,0.03,=,-13.2,0.1,0.1,1,104,Simbad,94.8304,23.4695,D24,MW
91.912123,21.87314,HD41690,188.6037,0.7466,B1V,255,47,60,23700,800,700,3.31,0.08,0.1,=,9,2,2,=,0.1,,0.03,<,-13.9,,0.3,1,101,Simbad,91.9121,21.8731,D24,MW
94.973745,23.265146,HD255134,188.73,3.8952,B1IVp,255,17,29,27300,800,700,3.73,0.13,0.11,=,6,2,2,=,0.12,0.03,0.03,<,-14.0,,0.3,1,72,Simbad,94.9737,23.2651,D24,MW
94.664263,23.007942,HD43703,188.8238,3.5232,B1IVp(e),255,333,-32768,26700,900,800,3.07,0.1,0.11,=,18,2,3,=,0.1,,0.04,=,-13.1,0.5,0.1,1,146,Simbad,94.6643,23.0079,D24,MW
94.748833,23.001105,HD43753,188.8665,3.5887,B0.5III,255,74,84,25700,300,600,2.96,0.07,0.07,=,17,1,2,=,0.1,,0.02,<,-13.6,,0.1,1,116,Simbad,94.7488,23.0011,D24,MW
92.825303,21.563784,HD42379,189.2849,1.3395,B1II,255,50,55,24600,400,500,3.08,0.05,0.06,=,12,1,1,=,0.1,,0.02,=,-13.4,0.2,0.1,1,149,Simbad,92.8253,21.5638,D24,MW
90.980002,20.138432,HD41117,189.6918,-0.8604,B2Ia,3,47,48,19800,300,200,2.33,0.04,0.04,=,15,1,1,=,0.2,0.02,0.02,=,-13.0,0.0,0.0,1,235,Simbad,90.98,20.1384,D24,MW
72.515063,8.407807,HD30677,190.1808,-22.2169,B1II-III((n)),255,176,17,22000,600,800,2.87,0.09,0.06,=,15,2,1,=,0.1,,0.02,<,-13.8,,0.2,1,134,Simbad,72.5151,8.4078,D24,MW
94.820276,20.579952,HD43837,191.0373,2.5082,B2Ibp?,255,29,67,21600,1400,1200,2.67,0.15,0.11,=,5,2,3,=,0.2,0.06,0.06,=,-13.2,0.1,0.1,3,90,Simbad,94.8203,20.58,D24,MW
95.868983,20.392102,HD44597,191.6643,3.2881,O9V,255,10,37,33000,700,800,3.79,0.13,0.12,=,4,2,4,=,0.1,,0.07,<,-14.0,,0.4,1,61,Simbad,95.869,20.3921,D24,MW
72.801496,5.605087,HD30836,192.8903,-23.5223,B2III,3,37,32,21200,300,200,3.42,0.05,0.03,=,10,1,1,=,0.1,,0.01,<,-13.9,,0.1,1,218,Simbad,72.8015,5.6051,D24,MW
83.705151,9.489525,HD36822,195.4023,-12.2891,B0.2IV,3,19,39,29300,300,200,3.77,0.05,0.04,=,9,1,1,=,0.11,0.01,0.01,<,-13.9,,0.2,1,256,Simbad,83.7052,9.4895,D24,MW
96.304715,11.683724,HD44965,199.5636,-0.4096,B3II,255,86,54,17400,500,500,2.76,0.11,0.08,>,14,1,255,=,0.1,,0.02,<,-13.9,,0.1,1,130,Simbad,96.3047,11.6837,D24,MW
83.001693,-0.299066,HD36486,203.8559,-17.7397,O9.5IINwk,255,117,130,30300,300,400,3.22,0.06,0.04,=,15,1,1,=,0.1,,0.01,=,-13.5,0.1,0.1,1,430,Simbad,83.0017,-0.2991,D24,MW
84.053434,-1.201935,HD37128,205.2121,-17.2417,B0Ia,3,52,84,27100,200,200,2.89,0.04,0.04,=,22,1,1,=,0.1,,0.0,=,-13.1,0.0,0.1,1,442,Simbad,84.0534,-1.2019,D24,MW
99.699728,6.901895,HD47417,205.3523,0.3492,B0IV,255,127,82,29100,400,300,3.56,0.06,0.05,=,10,1,2,=,0.1,,0.01,<,-14.0,,0.2,1,249,Simbad,99.6997,6.9019,D24,MW
98.043635,4.966558,HD46202,206.3134,-2.0035,O9.2V,255,13,34,34200,300,300,4.13,0.06,0.04,=,6,1,1,=,0.1,,0.01,=,-13.6,0.1,0.1,1,198,Simbad,98.0436,4.9666,D24,MW
85.189676,-1.942609,HD37742,206.4522,-16.5852,O9.2IbvarNwk,255,80,100,31000,1100,300,3.04,0.03,0.08,=,16,1,1,=,0.1,,0.01,>,-12.5,0.0,,1,431,Simbad,85.1897,-1.9426,D24,MW
85.1899,-1.943249,HD37743,206.4529,-16.5853,O9.5II-III(n),255,302,-32768,30100,500,600,3.39,0.06,0.08,=,11,2,3,=,0.1,,0.02,=,-13.6,0.2,0.3,1,350,Simbad,85.1899,-1.9432,D24,MW
84.696673,-2.594623,HD37479,206.8162,-17.3245,B2IV-Vp_He,255,149,11,21300,400,400,3.5,0.04,0.07,=,9,1,1,>,0.25,,,=,-13.3,0.1,0.1,2,407,Simbad,84.6967,-2.5946,D24,MW
99.469614,4.956635,HD47240,206.9758,-0.7466,B1Ib,255,117,53,21900,500,400,2.62,0.05,0.06,=,18,1,1,=,0.1,,0.01,=,-13.0,0.1,0.1,1,184,Simbad,99.4696,4.9566,D24,MW
99.619364,4.607187,HD47382,207.3548,-0.7743,B6Ib,255,39,68,28900,400,400,3.28,0.08,0.06,=,16,2,1,=,0.1,,0.01,<,-13.8,,0.2,1,119,Simbad,99.6194,4.6072,D24,MW
93.300446,0.158823,HD42877,208.3984,-8.4259,B1/2II,255,168,53,33500,800,700,3.93,0.08,0.16,=,6,4,2,=,0.11,,0.02,<,-14.0,,0.4,1,96,Simbad,93.3004,0.1588,D24,MW
100.91106,3.932513,HD48434,208.5443,0.0621,B0III,3,52,79,28200,300,300,3.13,0.04,0.05,=,21,1,1,=,0.1,,0.01,=,-13.5,0.1,0.1,1,206,Simbad,100.9111,3.9325,D24,MW
99.659119,1.613542,HD47432,210.0349,-2.1105,O9.7Ib,255,98,80,27800,300,300,2.98,0.05,0.04,=,22,2,2,=,0.1,,0.01,=,-13.1,0.1,0.1,1,218,Simbad,99.6591,1.6135,D24,MW
101.077761,0.722694,HD292164,211.476,-1.2559,B1.5III,2,10,35,23100,800,1600,3.42,0.18,0.18,=,8,2,2,=,0.1,,0.08,<,-14.0,,0.3,1,41,Simbad,101.0778,0.7227,D24,MW
101.152332,0.589366,HD48691,211.6287,-1.2504,B5/7Ib,255,60,41,27400,500,700,3.55,0.09,0.1,=,9,2,2,=,0.13,0.04,0.02,<,-14.0,,0.4,1,90,Simbad,101.1523,0.5894,D24,MW
102.206461,0.381284,BD+001617A,212.2948,-0.4073,O9.2V,2,36,8,33300,1000,1000,4.02,0.21,0.18,=,4,4,1,=,0.1,,0.05,<,-13.9,,0.3,1,47,Simbad,102.2065,0.3813,D24,MW
102.213792,0.37268,BD+001617C,212.3058,-0.4047,O9.5IV,2,3,121,32200,1400,1600,3.92,0.26,0.22,=,2,2,5,=,0.13,0.04,0.04,<,-14.0,,0.5,1,43,Simbad,102.2138,0.3727,D24,MW
92.390126,-5.066758,HD42259,212.7019,-11.6164,B1/2Ib,255,262,-32768,23100,1100,1200,3.09,0.14,0.1,=,14,2,3,=,0.1,,0.04,<,-13.7,,0.1,1,117,Simbad,92.3901,-5.0668,D24,MW
86.939079,-9.66959,HD38771,214.5143,-18.4965,B0.5Ia,3,47,86,26700,300,300,2.95,0.04,0.04,=,23,1,1,=,0.1,,0.01,=,-13.3,0.0,0.1,1,422,Simbad,86.9391,-9.6696,D24,MW
103.727936,-1.375756,HD50846,214.5523,0.1454,B5/7Ib,255,230,-32768,18000,500,600,3.17,0.1,0.07,=,5,1,1,=,0.1,,0.01,>,-12.9,0.0,,4,185,Simbad,103.7279,-1.3758,D24,MW
121.199392,6.186012,HD66665,215.7674,19.1197,B1V,255,7,10,27800,400,300,3.83,0.07,0.07,=,2,1,1,=,0.15,0.02,0.03,<,-14.0,,0.2,3,122,Simbad,121.1994,6.186,D24,MW
105.087886,-5.82668,HD52266,219.1318,-0.6798,O9.5IIIn,255,383,-32768,30800,600,600,3.27,0.07,0.06,=,22,2,2,=,0.17,0.03,0.03,<,-13.8,,0.2,1,196,Simbad,105.0879,-5.8267,D24,MW
105.163956,-9.203008,HD52382,222.1708,-2.1549,B0.5Ia,255,47,84,23600,600,700,2.72,0.08,0.11,=,25,3,3,=,0.13,,0.04,=,-13.2,0.1,0.2,1,84,Simbad,105.164,-9.203,D24,MW
106.396764,-8.728923,HD53667,222.3066,-0.8552,B0/1Ib,255,109,80,25300,300,700,3.1,0.09,0.08,=,4,1,2,=,0.1,,0.05,=,-12.8,0.0,0.1,3,112,Simbad,106.3968,-8.7289,D24,MW
106.460631,-8.807053,HD53754,222.405,-0.835,B0/1Ib,255,80,73,24000,800,500,2.99,0.06,0.09,=,15,2,2,=,0.1,,0.02,<,-14.0,,0.4,1,110,Simbad,106.4606,-8.8071,D24,MW
112.948815,-5.583237,HD59882,222.5523,6.3619,B1V,2,8,9,26100,400,600,3.75,0.07,0.08,=,2,1,1,=,0.16,0.02,0.03,<,-13.9,,0.2,3,115,Simbad,112.9488,-5.5832,D24,MW
100.238847,-12.182276,HD48038,222.6615,-7.8164,B2III,255,150,49,20100,300,400,3.08,0.06,0.06,>,15,1,255,=,0.13,0.02,0.02,<,-13.9,,0.1,1,181,Simbad,100.2388,-12.1823,D24,MW
106.106314,-10.454345,HD53367,223.7091,-1.9008,B0IV/Ve,255,24,48,28800,700,500,3.51,0.09,0.09,=,2,1,1,=,0.1,,0.02,=,-13.2,0.1,0.1,3,101,Simbad,106.1063,-10.4543,D24,MW
106.159638,-11.524104,HD53456,224.6849,-2.3438,B0IV,2,12,25,30100,400,400,3.85,0.07,0.08,=,6,1,1,=,0.13,0.02,0.02,<,-14.0,,0.4,1,107,Simbad,106.1596,-11.5241,D24,MW
106.669901,-11.29404,HD53974,224.7096,-1.7938,B0IIIn,255,128,87,25700,700,1000,2.95,0.1,0.09,=,12,6,2,=,0.14,0.04,0.04,<,-14.0,,0.6,1,101,Simbad,106.6699,-11.294,D24,MW
108.617728,-10.316202,HD55879,224.7259,0.3548,O9.7III,255,26,56,30500,300,200,3.47,0.04,0.05,=,13,1,1,=,0.1,,0.01,<,-14.0,,0.1,1,536,Simbad,108.6177,-10.3162,D24,MW
95.67501,-17.95595,HD44743,226.0599,-14.268,B1II-III,3,26,40,25000,300,300,3.54,0.04,0.04,=,10,1,1,=,0.11,0.01,0.01,<,-13.8,,0.1,1,229,Simbad,95.675,-17.9559,D24,MW
104.03431,-17.054224,HD51309,228.703,-6.6777,B3Ib,3,21,42,16800,200,200,2.58,0.04,0.04,=,12,1,1,=,0.1,,0.0,<,-14.0,,0.1,1,235,Simbad,104.0343,-17.0542,D24,MW
107.536985,-15.684763,HD54911,229.0011,-3.061,B1III,255,108,50,23200,900,700,3.37,0.06,0.1,=,9,2,2,=,0.11,,0.02,<,-13.9,,0.2,1,146,Simbad,107.537,-15.6848,D24,MW
107.389043,-16.234508,HD54764,229.425,-3.4396,B1Ib/II,255,116,89,22500,400,400,2.82,0.04,0.05,=,18,1,1,=,0.1,,0.01,<,-13.7,,0.1,1,221,Simbad,107.389,-16.2345,D24,MW
113.342508,-14.338321,HD60325,230.454,2.5196,B2II,255,115,47,20100,500,400,3.1,0.07,0.05,=,9,1,1,=,0.1,,0.01,<,-13.9,,0.1,1,200,Simbad,113.3425,-14.3383,D24,MW
103.387138,-20.224272,HD50707,231.3029,-8.6235,B1IV,2,30,46,25100,500,300,3.62,0.05,0.04,=,10,1,1,=,0.12,0.01,0.01,<,-13.9,,0.2,1,216,Simbad,103.3871,-20.2243,D24,MW
113.294823,-15.446265,LS516,231.4029,1.9446,B0.5IV,2,193,-32768,28500,800,1200,3.4,0.16,0.16,=,15,5,3,=,0.1,,0.07,<,-14.0,,0.4,1,61,Simbad,113.2948,-15.4463,D24,MW
113.303995,-15.453603,HD60308,231.4136,1.9488,B2Ia,255,51,38,18800,400,500,2.4,0.07,0.08,=,15,2,1,=,0.1,,0.03,=,-13.3,0.1,0.1,1,113,Simbad,113.304,-15.4536,D24,MW
109.926771,-18.67801,HD57258,232.7155,-2.4241,B3II,255,31,23,17400,600,600,2.95,0.11,0.11,=,3,2,2,=,0.1,,0.03,<,-13.9,,0.2,1,98,Simbad,109.9268,-18.678,D24,MW
103.945543,-22.941434,HD51283,234.0094,-9.3348,B2/3III,255,185,-32768,20000,500,400,3.1,0.05,0.08,=,11,1,1,=,0.1,,0.01,=,-13.3,0.1,0.1,1,439,Simbad,103.9455,-22.9414,D24,MW
158.202828,9.30661,HD91316,234.887,52.7674,B1Iab Nstr,3,47,72,22800,400,400,2.76,0.04,0.04,=,17,1,1,=,0.12,,0.01,=,-13.2,0.1,0.1,1,371,Simbad,158.2028,9.3066,D24,MW
111.283243,-21.173895,HD58510,235.5204,-2.4717,B1Ia,255,41,87,23600,400,400,2.93,0.05,0.05,=,15,1,1,=,0.1,,0.02,=,-13.2,0.1,0.1,1,238,Simbad,111.2832,-21.1739,D24,MW
105.756122,-23.833274,HD53138,235.5546,-8.228,B3Ia,3,36,64,16800,200,200,2.18,0.04,0.03,=,16,1,1,=,0.1,,0.01,=,-13.4,0.1,0.1,1,332,Simbad,105.7561,-23.8333,D24,MW
104.656428,-28.972147,HD52089,239.8311,-11.3298,B1.5II,3,26,44,23800,300,300,3.29,0.06,0.04,=,12,1,1,=,0.1,,0.02,=,-13.5,0.2,0.1,1,399,Simbad,104.6564,-28.9721,D24,MW
118.902172,-24.058325,HD64993,241.5026,2.2177,B1Ib/II,255,44,62,24300,600,700,2.94,0.08,0.1,=,15,2,2,=,0.11,,0.03,<,-13.6,,0.2,1,94,Simbad,118.9022,-24.0583,D24,MW
113.393027,-27.977334,HD60479,242.4268,-4.027,O9.5Ib,255,63,47,30700,700,700,3.25,0.08,0.1,=,15,2,2,=,0.1,,0.02,=,-13.4,0.3,0.3,1,80,Simbad,113.393,-27.9773,D24,MW
111.023767,-29.303077,HD58350,242.6165,-6.4857,B5Ia,3,32,54,14700,300,400,1.97,0.05,0.04,=,16,1,1,=,0.1,,0.01,=,-13.5,0.2,0.1,1,256,Simbad,111.0238,-29.3031,D24,MW
113.257712,-28.325779,HD60369,242.676,-4.2988,B7Ib,255,78,46,33100,500,500,3.56,0.06,0.05,=,5,2,2,=,0.1,,0.01,<,-13.8,,0.3,1,173,Simbad,113.2577,-28.3258,D24,MW
116.145414,-32.23884,HD62844,247.3199,-4.0282,B2Ia,255,42,62,19000,200,300,2.36,0.04,0.04,=,16,1,1,=,0.12,0.01,0.02,=,-13.3,0.0,0.0,1,267,Simbad,116.1454,-32.2388,D24,MW
112.642012,-34.090609,HD59864,247.5322,-7.4898,B1/2Ib/II,255,10,23,24800,600,900,3.67,0.11,0.09,=,5,2,2,=,0.14,0.03,0.03,<,-13.9,,0.3,3,85,Simbad,112.642,-34.0906,D24,MW
127.053065,-27.564722,HD71771,248.4655,6.4495,B2II,255,44,22,21500,400,500,3.45,0.05,0.08,=,8,1,1,=,0.1,,0.02,<,-13.9,,0.1,1,141,Simbad,127.0531,-27.5647,D24,MW
123.042249,-32.568152,CD-324967,250.6459,0.7631,B2.5Iab,255,35,49,17700,200,200,2.19,0.04,0.04,=,15,1,1,=,0.1,,0.01,=,-13.3,0.0,0.0,3,282,Simbad,123.0422,-32.5682,D24,MW
122.757064,-37.292392,HD68450,254.4689,-2.023,O9.7II,255,45,75,29800,200,300,3.21,0.04,0.04,=,17,1,1,=,0.1,,0.0,<,-13.8,,0.1,1,428,Simbad,122.7571,-37.2924,D24,MW
130.898095,-33.186393,HD74575,254.9931,5.7696,B1.5III,255,18,36,23400,300,300,3.51,0.04,0.04,=,9,1,1,=,0.13,0.01,0.01,<,-13.8,,0.2,2,406,Simbad,130.8981,-33.1864,D24,MW
131.854736,-36.750779,HD75222,258.2892,4.1768,O9.7Iab,255,77,113,28100,200,400,2.96,0.05,0.04,>,30,1,255,=,0.1,,0.01,=,-13.0,0.1,0.1,1,315,Simbad,131.8547,-36.7508,D24,MW
117.309629,-46.373213,HD63922,260.1797,-10.1854,B0III,255,24,45,30300,200,400,3.64,0.07,0.06,=,11,1,1,=,0.1,,0.02,<,-14.0,,0.2,1,123,Simbad,117.3096,-46.3732,D24,MW
126.232399,-44.300867,HD71304,261.7554,-3.7719,O9II,255,73,92,34100,400,400,3.33,0.04,0.05,>,30,2,255,=,0.14,0.01,0.03,>,-12.5,0.0,,1,326,Simbad,126.2324,-44.3009,D24,MW
118.325627,-48.102975,HD64760,262.0569,-10.4234,B0.5Ib,255,258,-32768,25000,600,600,2.87,0.09,0.05,=,24,1,2,=,0.1,,0.01,=,-13.1,0.2,0.2,1,280,Simbad,118.3256,-48.103,D24,MW
133.502569,-42.48572,HD76341,263.5348,1.521,O9.2IV,255,72,53,31800,300,400,3.42,0.04,0.04,=,10,1,1,=,0.1,,0.01,<,-13.9,,0.1,1,245,Simbad,133.5026,-42.4857,D24,MW
53.90855,-52.556664,HD22586,264.1859,-50.3623,B1/2III,255,91,57,22300,400,400,3.15,0.06,0.05,=,16,1,1,=,0.1,,0.02,<,-13.9,,0.2,1,232,Simbad,53.9086,-52.5567,D24,MW
131.627273,-45.912535,HD75149,265.3316,-1.6916,B5Iab,255,34,54,17500,200,200,2.29,0.04,0.04,=,17,1,1,=,0.1,,0.01,=,-13.4,0.1,0.1,1,401,Simbad,131.6273,-45.9125,D24,MW
137.768328,-44.867962,HD79186,267.3648,2.2514,B5Ia,255,28,63,16200,200,200,2.06,0.04,0.03,=,17,1,1,=,0.1,,0.01,=,-13.3,0.1,0.1,1,426,Simbad,137.7683,-44.868,D24,MW
134.370267,-50.749542,HD76968,270.2246,-3.3707,O9.2Ib,255,54,118,31000,500,700,3.09,0.05,0.07,=,21,1,2,=,0.13,0.03,0.02,>,-12.5,0.0,,1,276,Simbad,134.3703,-50.7495,D24,MW
125.30043,-57.973229,HD70839,272.8694,-11.9124,B2III,255,166,26,22200,500,500,3.4,0.05,0.07,=,10,1,1,=,0.1,,0.02,<,-13.9,,0.2,1,304,Simbad,125.3004,-57.9732,D24,MW
153.917066,-51.256704,HD89137,279.6941,4.4484,ON9.7II(n),255,229,-32768,27800,600,500,3.06,0.08,0.08,=,21,2,2,=,0.13,0.02,0.03,=,-12.9,0.5,0.1,1,360,Simbad,153.9171,-51.2567,D24,MW
155.048925,-52.601765,HD89767,281.0236,3.7152,B0.5/1Iab,255,56,84,25700,300,200,2.89,0.03,0.04,=,25,1,1,=,0.1,,0.01,=,-13.1,0.1,0.1,1,244,Simbad,155.0489,-52.6018,D24,MW
162.286224,-46.778298,HD93840,282.1406,11.0972,B1/2Iab/b,255,75,73,22900,500,300,2.78,0.05,0.04,=,19,1,1,=,0.11,,0.01,<,-14.0,,0.2,1,424,Simbad,162.2862,-46.7783,D24,MW
155.587015,-59.755426,HD90087,285.1587,-2.1314,O9.2III(n),255,334,-32768,30600,600,800,3.15,0.06,0.06,=,23,2,2,=,0.19,0.04,0.05,<,-13.8,,0.2,1,321,Simbad,155.587,-59.7554,D24,MW
158.925024,-58.19291,HD91943,285.8206,0.096,B0.7Ib,255,61,80,26700,200,300,2.83,0.04,0.04,=,27,2,2,=,0.1,,0.01,=,-13.0,0.0,0.1,1,382,Simbad,158.925,-58.1929,D24,MW
158.91972,-58.212281,CD-573344,285.8278,0.0778,B1III,2,23,52,24600,500,500,3.45,0.05,0.06,=,11,1,1,=,0.11,0.02,0.02,<,-13.9,,0.3,1,149,Simbad,158.9197,-58.2123,D24,MW
158.950827,-58.209216,CPD-573507,285.8405,0.0886,B0Iab,2,63,75,26800,300,300,2.84,0.04,0.05,=,27,1,2,=,0.1,,0.01,=,-13.0,0.1,0.0,1,172,Simbad,158.9508,-58.2092,D24,MW
158.955432,-58.224312,HD91969,285.8501,0.0767,B0I+,255,69,76,27100,300,200,2.87,0.05,0.04,=,24,1,1,=,0.1,,0.01,=,-13.1,0.1,0.1,1,196,Simbad,158.9554,-58.2243,D24,MW
158.951087,-58.23798,CD-573348B,285.8549,0.0637,B2.5V,255,55,32,26100,800,700,3.64,0.1,0.1,=,8,2,2,=,0.12,0.02,0.03,<,-14.0,,0.3,1,96,Simbad,158.9511,-58.238,D24,MW
158.9734,-58.246653,CPD-573517,285.8694,0.062,B1V,255,179,12,24100,1100,1200,3.45,0.09,0.14,=,8,5,2,=,0.12,,0.02,<,-13.9,,0.2,3,105,Simbad,158.9734,-58.2467,D24,MW
159.006731,-58.25264,HD92007,285.8876,0.0655,B1III,255,87,27,24200,700,600,3.5,0.07,0.07,=,9,1,1,=,0.1,,0.02,<,-13.9,,0.2,1,138,Simbad,159.0067,-58.2526,D24,MW
160.505314,-57.009046,HD92850,285.9842,1.5422,B0Ia,255,36,88,28300,300,400,3.09,0.04,0.05,=,21,1,1,=,0.1,,0.01,=,-13.5,0.1,0.2,1,228,Simbad,160.5053,-57.009,D24,MW
160.270211,-57.256909,HD92712,285.9906,1.2635,B2/3II/III,255,42,72,26600,300,300,3.15,0.03,0.06,=,16,1,1,=,0.1,,0.01,<,-13.7,,0.2,1,189,Simbad,160.2702,-57.2569,D24,MW
158.376243,-60.12775,HD91651,286.5454,-1.7199,ON9.5IIIn,255,313,-32768,32900,900,1000,3.35,0.08,0.08,=,21,3,3,=,0.19,0.03,0.05,>,-12.7,0.1,,1,197,Simbad,158.3762,-60.1277,D24,MW
160.668938,-59.21576,HD92964,287.1091,-0.3583,B2.5Ia,255,45,46,18700,200,200,2.21,0.03,0.04,=,16,1,1,=,0.15,0.01,0.02,=,-13.2,0.1,0.1,1,662,Simbad,160.6689,-59.2158,D24,MW
160.824738,-60.134189,HD93027,287.613,-1.1302,O9.5IV,255,55,51,33400,400,400,3.95,0.06,0.07,=,5,1,2,=,0.1,,0.01,<,-14.0,,0.4,1,317,Simbad,160.8247,-60.1342,D24,MW
161.122765,-59.955017,HD305523,287.6601,-0.9021,O9II-III,255,69,55,34100,500,300,3.49,0.04,0.04,=,14,1,2,=,0.1,,0.03,=,-12.9,0.0,0.0,1,309,Simbad,161.1228,-59.955,D24,MW
162.064606,-60.265798,HD305619,288.22,-0.9609,O9.7II,255,43,110,32400,500,500,3.23,0.04,0.06,>,29,4,255,=,0.13,0.01,0.03,>,-12.5,0.1,,1,185,Simbad,162.0646,-60.2658,D24,MW
157.960896,-63.94045,HD91452,288.316,-5.1039,B0III,255,79,81,27200,300,200,2.92,0.04,0.04,=,23,1,1,=,0.1,,0.01,=,-13.2,0.1,0.1,1,357,Simbad,157.9609,-63.9404,D24,MW
163.312958,-60.814774,HD94493,289.0148,-1.1772,B0.5Iab/b,255,101,66,25200,300,300,2.92,0.05,0.05,=,19,1,1,=,0.1,,0.01,<,-14.0,,0.4,1,354,Simbad,163.313,-60.8148,D24,MW
165.692565,-59.740949,HD95880,289.6301,0.2945,B3Ib/II,255,27,50,15200,300,200,2.11,0.04,0.04,=,14,1,1,=,0.1,,0.01,=,-13.4,0.1,0.1,1,320,Simbad,165.6926,-59.7409,D24,MW
166.239905,-59.858864,HD96248,289.9296,0.2974,B1Iab,255,59,65,22100,400,400,2.67,0.05,0.04,=,17,1,1,=,0.1,,0.02,=,-13.1,0.0,0.0,1,338,Simbad,166.2399,-59.8589,D24,MW
166.749194,-59.667877,HD96622,290.0897,0.5742,O9.2IV,255,28,68,32700,300,200,3.65,0.03,0.07,=,8,1,1,=,0.1,,0.01,<,-14.0,,0.2,1,240,Simbad,166.7492,-59.6679,D24,MW
167.912974,-60.443319,HD97400,290.9236,0.0809,B2.5Ib,2,24,45,18800,300,300,2.83,0.05,0.06,=,12,1,1,=,0.1,,0.01,<,-14.0,,0.2,1,284,Simbad,167.913,-60.4433,D24,MW
167.829329,-60.920099,HD306097,291.0649,-0.3763,O9V,2,123,8,33300,600,400,3.39,0.06,0.04,=,12,2,2,=,0.1,,0.02,=,-12.9,0.0,0.1,1,197,Simbad,167.8293,-60.9201,D24,MW
168.067675,-65.218965,HD97522,292.7799,-4.3205,B0.5II,255,53,66,23300,400,500,2.94,0.06,0.05,=,15,1,1,=,0.1,,0.01,=,-13.2,0.1,0.1,1,219,Simbad,168.0677,-65.219,D24,MW
172.313042,-63.553963,HD99953,293.9332,-2.1273,B2Ia,255,48,67,20300,300,300,2.5,0.04,0.04,=,17,1,1,=,0.16,0.02,0.02,=,-13.1,0.1,0.0,1,500,Simbad,172.313,-63.554,D24,MW
174.118206,-61.665131,HD100943,294.1604,-0.0767,B1Iab/b,255,44,42,15600,200,200,2.08,0.04,0.04,=,13,1,1,=,0.1,,0.0,=,-13.1,0.0,0.0,3,234,Simbad,174.1182,-61.6651,D24,MW
172.113305,-66.489233,HD99857,294.7778,-4.9402,B1Ib,255,195,-32768,24400,500,400,2.84,0.05,0.05,=,20,1,1,=,0.1,,0.02,<,-14.0,,0.9,1,371,Simbad,172.1133,-66.4892,D24,MW
175.153246,-62.568586,HD101545B,294.8768,-0.8097,B0.5Iab,255,52,80,26900,200,300,3.02,0.04,0.04,=,20,1,1,=,0.1,,0.01,=,-13.3,0.1,0.1,1,357,Simbad,175.1532,-62.5686,D24,MW
175.154226,-62.56809,HD101545A,294.8771,-0.8091,O9.2II,255,57,71,32100,500,400,3.22,0.03,0.04,=,13,1,1,=,0.15,0.03,0.03,=,-12.7,0.0,0.1,1,267,Simbad,175.1542,-62.5681,D24,MW
177.804115,-61.846128,HD102997,295.8919,0.1997,B5Ia,255,46,58,16100,300,200,1.98,0.04,0.03,=,16,1,1,=,0.1,,0.01,=,-13.3,0.1,0.1,2,510,Simbad,177.8041,-61.8461,D24,MW
179.239812,-63.249081,HD103779,296.8467,-1.0228,B0/1II,255,49,76,26400,300,300,3.02,0.04,0.04,=,17,1,1,=,0.1,,0.01,=,-13.5,0.1,0.1,1,455,Simbad,179.2398,-63.2491,D24,MW
178.434196,-65.289527,HD103338,296.9456,-3.0906,B3Ib,255,34,37,17500,300,300,2.68,0.07,0.04,=,12,1,1,=,0.1,,0.01,<,-14.0,,0.1,1,170,Simbad,178.4342,-65.2895,D24,MW
63.444405,-84.485756,HD29138,297.987,-30.5423,B1.5III,255,97,56,23900,500,300,2.95,0.07,0.03,=,16,1,1,=,0.1,,0.01,<,-14.0,,0.3,1,194,Simbad,63.4444,-84.4858,D24,MW
183.570502,-64.408488,HD106343,298.9318,-1.8257,B1.5Ia,255,50,65,22700,400,300,2.78,0.04,0.05,=,13,1,1,=,0.16,0.02,0.02,=,-13.1,0.0,0.0,1,556,Simbad,183.5705,-64.4085,D24,MW
186.233281,-65.211006,HD108002,300.1562,-2.4822,B2Ia/ab,255,44,71,22100,300,400,2.7,0.04,0.04,=,20,1,1,=,0.11,,0.01,=,-13.4,0.2,0.1,1,321,Simbad,186.2333,-65.211,D24,MW
187.289603,-60.804838,HD108639,300.2167,1.9494,B1III,255,117,71,27800,400,200,3.19,0.04,0.07,=,16,1,1,=,0.1,,0.01,<,-14.0,,0.3,1,231,Simbad,187.2896,-60.8048,D24,MW
189.718272,-67.193065,HD109867,301.7113,-4.3511,B0.5/1Iab,255,47,82,23900,200,400,2.8,0.04,0.04,=,19,1,1,=,0.11,0.01,0.02,=,-13.3,0.1,0.1,1,371,Simbad,189.7183,-67.1931,D24,MW
188.818817,-72.716926,HD109399,301.7143,-9.8834,B0.5III,255,203,-32768,25500,700,400,3.01,0.07,0.08,=,18,2,2,=,0.1,,0.02,<,-14.0,,0.4,1,179,Simbad,188.8188,-72.7169,D24,MW
191.930388,-59.68876,HD111123,302.4623,3.1796,B1IV,255,37,51,26800,300,400,3.63,0.05,0.04,=,10,1,1,=,0.11,0.01,0.02,<,-13.9,,0.2,1,479,Simbad,191.9304,-59.6888,D24,MW
193.128039,-52.667304,HD111822,303.0974,10.2041,B0.5/1Ib,255,149,46,28800,300,300,3.32,0.06,0.05,=,15,1,2,=,0.1,,0.02,<,-14.0,,0.3,1,257,Simbad,193.128,-52.6673,D24,MW
193.45387,-60.376291,HD111973,303.226,2.4941,B5I,255,31,63,17600,100,200,2.51,0.04,0.04,=,15,1,1,=,0.1,,0.0,=,-13.2,0.1,0.1,2,356,Simbad,193.4539,-60.3763,D24,MW
193.49913,-60.335374,HD111990,303.2488,2.5348,B1.5I+,255,39,51,18600,300,300,2.54,0.03,0.05,=,14,1,1,=,0.1,,0.01,=,-13.4,0.2,0.2,1,258,Simbad,193.4991,-60.3354,D24,MW
194.401089,-49.780613,HD112481,303.9538,13.0789,B2II/III,255,19,44,24800,300,200,3.34,0.05,0.05,=,10,1,0,=,0.1,,0.02,=,-13.5,0.1,0.1,1,278,Simbad,194.4011,-49.7806,D24,MW
197.029465,-65.307504,HD113904B,304.6743,-2.4922,O9III,255,87,92,32500,400,800,3.4,0.08,0.02,=,13,1,1,=,0.1,,0.03,=,-13.0,0.1,0.1,1,202,Simbad,197.0295,-65.3075,D24,MW
202.272655,-63.87403,HD117024,307.063,-1.3047,B2Ib,255,58,48,22000,500,400,3.01,0.04,0.07,=,13,1,1,=,0.1,,0.01,<,-14.0,,0.3,1,321,Simbad,202.2727,-63.874,D24,MW
200.201393,-55.800718,HD115842,307.0804,6.8343,B0.5Ia/ab,255,66,73,25000,200,200,2.69,0.04,0.04,=,28,2,1,=,0.12,0.02,0.01,=,-12.9,0.0,0.1,1,353,Simbad,200.2014,-55.8007,D24,MW
203.016265,-63.041874,HD117460,307.5174,-0.5324,B0/1(III),255,98,36,20300,500,300,3.06,0.07,0.05,=,10,1,1,=,0.1,,0.01,=,-13.6,0.2,0.1,1,220,Simbad,203.0163,-63.0419,D24,MW
200.567811,-52.182969,HD116084,307.7283,10.4014,B2Ib,255,49,51,19400,200,300,2.47,0.04,0.03,=,16,1,1,=,0.1,,0.01,=,-13.4,0.1,0.0,1,311,Simbad,200.5678,-52.183,D24,MW
203.035759,-60.815382,HD117490,307.8763,1.665,ON9.5IIInn,255,364,-32768,31100,800,600,3.45,0.08,0.07,=,13,3,3,=,0.14,0.03,0.04,<,-14.0,,0.3,1,184,Simbad,203.0358,-60.8154,D24,MW
204.247914,-63.645993,HD118198,307.9618,-1.22,O9.7III,255,36,68,30300,200,300,3.34,0.03,0.05,=,15,1,1,=,0.1,,0.01,<,-14.0,,0.2,1,193,Simbad,204.2479,-63.646,D24,MW
208.325572,-66.512407,HD120680,309.0508,-4.3784,B2II,255,150,38,17900,500,500,2.95,0.08,0.07,=,12,1,1,=,0.1,,0.02,<,-13.9,,0.2,1,277,Simbad,208.3256,-66.5124,D24,MW
206.574963,-62.451651,HD119646,309.2276,-0.2524,B1Ib/II,255,41,54,20900,400,300,2.72,0.04,0.04,=,15,1,1,=,0.1,,0.01,<,-13.9,,0.4,1,358,Simbad,206.575,-62.4517,D24,MW
205.733761,-56.767978,HD119159,309.9771,5.3977,B1/2II,255,146,53,25300,500,500,3.23,0.05,0.06,=,11,2,1,=,0.16,0.02,0.03,=,-13.4,0.4,0.1,1,563,Simbad,205.7338,-56.768,D24,MW
211.877623,-64.469102,HD123008,311.0154,-2.7979,ON9.2Iab,255,82,85,31300,300,400,3.19,0.05,0.04,>,30,1,255,=,0.13,0.01,0.03,>,-12.5,0.1,,1,149,Simbad,211.8776,-64.4691,D24,MW
208.968052,-59.371234,HD121228,311.066,2.4791,B1Ib,255,69,69,23500,500,400,2.93,0.05,0.05,=,16,1,1,=,0.13,0.02,0.03,<,-14.0,,0.5,1,172,Simbad,208.9681,-59.3712,D24,MW
211.856767,-60.470624,HD123056,312.1659,1.0316,O9.5IV(n),255,183,-32768,32000,300,400,3.78,0.05,0.09,=,11,3,1,=,0.14,0.03,0.02,<,-14.0,,0.3,1,280,Simbad,211.8568,-60.4706,D24,MW
211.60492,-59.715915,HD122879,312.263,1.7905,B0Ia,255,72,101,27400,300,300,2.97,0.04,0.05,=,27,1,2,=,0.1,,0.01,=,-13.1,0.1,0.1,1,539,Simbad,211.6049,-59.7159,D24,MW
215.512525,-58.291223,HD125545,314.6227,2.5088,B1Iab/b,255,72,78,22500,300,300,2.7,0.03,0.04,=,21,1,1,=,0.1,,0.01,=,-13.3,0.1,0.1,1,216,Simbad,215.5125,-58.2912,D24,MW
206.130472,-17.937014,HD119608,320.3457,43.1326,B1Ib,255,39,65,22000,400,300,2.83,0.05,0.04,=,16,1,1,=,0.11,,0.02,=,-13.3,0.1,0.1,1,150,Simbad,206.1305,-17.937,D24,MW
228.850422,-59.074812,HD134959,320.5142,-1.2084,B2Ia,255,46,49,18800,300,200,2.25,0.03,0.06,=,16,1,1,=,0.1,,0.02,=,-13.2,0.0,0.1,1,139,Simbad,228.8504,-59.0748,D24,MW
220.482294,-47.388159,HD129056,321.6107,11.4366,B1.5III,255,10,27,23200,200,300,3.5,0.04,0.03,=,8,1,0,=,0.12,0.01,0.01,=,-13.7,0.1,0.1,3,387,Simbad,220.4823,-47.3882,D24,MW
239.848837,-58.726228,HD142758,325.3065,-4.2765,B1Ia,255,54,62,21600,200,300,2.73,0.03,0.05,=,15,1,1,=,0.16,0.01,0.01,=,-13.2,0.0,0.0,1,386,Simbad,239.8488,-58.7262,D24,MW
237.778327,-55.05552,HD141318,326.7903,-0.7335,B2III,255,33,45,22100,300,300,3.37,0.04,0.05,=,12,1,1,=,0.11,0.01,0.01,<,-13.6,,0.1,1,570,Simbad,237.7783,-55.0555,D24,MW
238.915077,-54.643503,CPD-546791,327.5576,-0.8305,O9.5V,255,33,40,33800,500,700,3.98,0.09,0.1,=,5,2,3,=,0.11,0.02,0.02,<,-14.0,,0.3,1,115,Simbad,238.9151,-54.6435,D24,MW
251.831925,-58.341379,HD150898,329.9791,-8.4736,B0Ia/ab,255,99,73,27400,200,300,3.02,0.05,0.04,=,23,1,1,=,0.1,,0.01,=,-13.6,0.2,0.2,1,414,Simbad,251.8319,-58.3414,D24,MW
243.860155,-52.92072,HD145794,330.8832,-1.4957,B2II/III,255,164,12,23400,1100,1000,3.47,0.1,0.11,=,5,3,3,=,0.13,0.03,0.02,<,-14.0,,0.3,1,127,Simbad,243.8602,-52.9207,D24,MW
248.452793,-53.20978,HD148878,332.6099,-3.6687,B1/2Ia,255,44,70,20000,200,200,2.45,0.03,0.04,=,20,1,1,=,0.14,0.01,0.02,=,-13.2,0.1,0.0,3,195,Simbad,248.4528,-53.2098,D24,MW
261.348622,-56.377744,HD157246,334.6447,-11.4786,B1Ib,255,294,-32768,23700,800,700,2.91,0.09,0.07,=,25,2,2,=,0.11,,0.03,<,-14.0,,0.4,1,616,Simbad,261.3486,-56.3777,D24,MW
250.417602,-49.651491,HD150168,336.0795,-2.2013,B1Iab/Ib,255,114,86,25000,300,400,2.94,0.04,0.06,=,21,2,2,=,0.12,,0.01,<,-14.0,,0.3,1,410,Simbad,250.4176,-49.6515,D24,MW
250.185755,-48.756107,HD150041,336.6517,-1.4959,B1/2Ib,255,30,60,29800,200,200,3.39,0.05,0.04,=,15,1,1,=,0.1,,0.01,<,-14.0,,0.2,1,194,Simbad,250.1858,-48.7561,D24,MW
247.426466,-46.243227,HD148379,337.2456,1.5756,B2Iab,255,39,58,18500,100,200,2.19,0.05,0.04,=,16,1,1,=,0.15,0.02,0.02,=,-13.0,0.0,0.0,3,498,Simbad,247.4265,-46.2432,D24,MW
262.779672,-53.478632,HD158243,337.5931,-10.6378,B1Ib,255,49,77,21200,300,200,2.68,0.04,0.04,=,18,1,1,=,0.1,,0.01,=,-13.4,0.1,0.1,1,197,Simbad,262.7797,-53.4786,D24,MW
251.030049,-46.141616,HD150574,338.9959,-0.2046,ON9III(n),255,263,-32768,32800,500,600,3.27,0.07,0.05,>,30,2,255,=,0.14,0.03,0.04,=,-12.8,0.1,0.1,1,219,Simbad,251.03,-46.1416,D24,MW
248.520938,-44.04531,HD149038,339.3797,2.5126,O9.7Iab,255,69,79,28300,300,200,3.0,0.04,0.04,=,21,1,1,=,0.1,,0.0,=,-13.2,0.1,0.1,1,614,Simbad,248.5209,-44.0453,D24,MW
251.733775,-45.88733,HD151018,339.5071,-0.41,O9Ib,255,58,125,31600,300,300,3.14,0.04,0.04,>,30,1,255,=,0.13,0.02,0.02,>,-12.5,0.1,,1,226,Simbad,251.7338,-45.8873,D24,MW
247.924011,-41.817176,HD148688,340.7197,4.3474,B1Iaeqp,255,55,66,22600,300,200,2.62,0.04,0.06,=,20,1,1,=,0.14,0.02,0.02,=,-12.9,0.1,0.0,1,380,Simbad,247.924,-41.8172,D24,MW
257.471206,-47.031457,HD154811,341.0616,-4.2191,OC9.7Ib,255,121,78,28100,400,300,2.93,0.06,0.05,=,21,1,1,=,0.1,,0.0,=,-13.0,0.2,0.1,1,280,Simbad,257.4712,-47.0315,D24,MW
258.958912,-45.910743,HD155756,342.5741,-4.3949,O9Ibp,255,70,100,31400,400,300,3.1,0.04,0.04,>,30,2,255,=,0.1,,0.01,>,-12.5,0.0,,1,175,Simbad,258.9589,-45.9107,D24,MW
253.369208,-42.12138,HD152147,343.1535,1.0964,O9.7IbNwk,255,73,100,28700,300,300,3.01,0.03,0.06,=,20,1,1,=,0.1,,0.0,=,-13.3,0.0,0.1,1,238,Simbad,253.3692,-42.1214,D24,MW
253.495207,-41.994351,HD152235,343.3111,1.1041,B0.5Ia,255,55,75,24000,300,300,2.73,0.04,0.04,=,20,1,1,=,0.1,,0.01,=,-13.0,0.1,0.1,1,370,Simbad,253.4952,-41.9944,D24,MW
271.657805,-50.091496,HD165024,343.3304,-13.8187,B2Ib,255,94,70,22500,400,400,2.99,0.04,0.06,=,17,1,1,=,0.12,0.02,0.02,<,-14.0,,0.2,1,607,Simbad,271.6578,-50.0915,D24,MW
253.197437,-41.785798,HD152003,343.3325,1.4077,O9.7IabNwk,255,74,78,28900,400,200,3.03,0.05,0.03,=,21,1,1,=,0.1,,0.01,=,-13.0,0.0,0.1,1,264,Simbad,253.1974,-41.7858,D24,MW
247.597128,-37.972511,HD148546,343.3764,7.1507,O9Iab,255,117,107,30800,300,400,3.08,0.04,0.06,>,30,1,255,=,0.12,,0.01,>,-12.5,0.0,,1,204,Simbad,247.5971,-37.9725,D24,MW
253.465222,-41.842409,HD152200,343.4149,1.2173,O9.7IV(n),255,246,-32768,29900,500,400,3.55,0.09,0.06,=,9,3,3,=,0.12,,0.02,<,-14.0,,0.3,1,361,Simbad,253.4652,-41.8424,D24,MW
253.280432,-41.729245,HD152076,343.4155,1.3956,B0/1III,255,18,39,30100,200,200,3.59,0.04,0.05,=,11,1,1,=,0.1,,0.02,<,-14.0,,0.2,1,276,Simbad,253.2804,-41.7292,D24,MW
253.548522,-41.849309,HD152249,343.4487,1.1648,OC9Iab,255,76,89,32300,400,300,3.16,0.04,0.04,=,24,1,2,=,0.1,,0.01,>,-12.5,0.0,,1,327,Simbad,253.5485,-41.8493,D24,MW
253.50765,-41.806394,HD152234,343.4628,1.2155,B0.5Ia,255,54,88,26100,200,300,2.81,0.03,0.06,=,19,1,1,=,0.1,,0.01,=,-13.0,0.1,0.1,1,368,Simbad,253.5076,-41.8064,D24,MW
253.548077,-41.641931,HD152247,343.6095,1.2958,O9.2III,255,95,130,31300,300,500,3.23,0.03,0.05,=,16,1,1,=,0.1,,0.01,<,-13.7,,0.2,1,207,Simbad,253.5481,-41.6419,D24,MW
259.273058,-44.778598,HD155985,343.629,-3.9221,B0.5Ib,255,41,69,25100,300,400,2.99,0.04,0.05,=,16,1,1,=,0.14,0.02,0.02,=,-13.6,0.2,0.2,1,427,Simbad,259.2731,-44.7786,D24,MW
254.188634,-41.154492,HD152685,344.2907,1.2275,B1.5III,2,14,34,22900,400,600,3.41,0.08,0.08,=,9,1,1,=,0.14,0.02,0.03,<,-13.9,,0.2,4,94,Simbad,254.1886,-41.1545,D24,MW
253.730737,-40.524791,HD152405,344.5646,1.892,O9.7II,255,48,89,29700,300,300,3.15,0.04,0.04,=,19,1,1,=,0.1,,0.0,=,-13.6,0.1,0.2,1,243,Simbad,253.7307,-40.5248,D24,MW
256.67076,-36.077862,HD154385,349.494,2.8045,B1Ib,255,23,61,26000,600,600,3.32,0.09,0.09,=,13,2,2,=,0.1,,0.04,<,-13.8,,0.2,2,103,Simbad,256.6708,-36.0779,D24,MW
269.646763,-42.486113,HD163522,349.5714,-9.0888,B1Ia,255,57,83,24200,400,300,2.86,0.04,0.04,=,22,1,1,=,0.1,,0.01,=,-13.2,0.1,0.1,1,224,Simbad,269.6468,-42.4861,D24,MW
260.663389,-37.804633,HD157038,349.9548,-0.794,B3Iap,255,39,57,16800,200,100,1.92,0.02,0.04,=,18,1,1,=,0.13,0.02,0.02,=,-13.3,0.1,0.1,3,465,Simbad,260.6634,-37.8046,D24,MW
256.618154,-35.451036,HD154368,349.9702,3.2151,O9.5Iab,255,65,75,31500,300,300,3.16,0.04,0.03,>,30,2,255,=,0.1,,0.01,>,-12.5,0.0,,1,522,Simbad,256.6182,-35.451,D24,MW
257.058276,-35.004379,HD154643,350.5441,3.1945,O9.7III,255,111,88,29900,300,200,3.34,0.05,0.05,=,17,1,1,=,0.1,,0.01,<,-14.0,,0.2,1,233,Simbad,257.0583,-35.0044,D24,MW
256.205671,-34.12296,HD154090,350.8287,4.285,B2Iab,255,58,74,23400,400,300,2.76,0.04,0.04,=,19,1,1,=,0.15,0.02,0.02,=,-13.0,0.1,0.1,1,518,Simbad,256.2057,-34.123,D24,MW
259.337205,-35.548691,HD156134,351.1965,1.369,B0Ib,255,67,86,28400,200,300,3.05,0.04,0.05,=,24,1,1,=,0.1,,0.0,=,-13.3,0.1,0.1,1,295,Simbad,259.3372,-35.5487,D24,MW
258.244003,-32.438336,HD155450,353.2021,3.915,B1Ib,255,84,77,23600,400,500,3.03,0.07,0.03,=,15,1,1,=,0.1,,0.01,<,-14.0,,0.4,1,564,Simbad,258.244,-32.4383,D24,MW
265.57526,-35.801109,HD160575,353.7812,-2.9965,B1/2II,255,29,51,23400,300,300,3.12,0.04,0.04,=,13,1,1,=,0.1,,0.01,=,-13.4,0.1,0.1,1,253,Simbad,265.5753,-35.8011,D24,MW
267.260129,-32.88976,HD161789,356.9954,-2.6735,B2/3II,255,28,20,32600,500,500,4.14,0.13,0.08,=,9,2,2,=,0.1,,0.02,<,-13.9,,0.3,1,93,Simbad,267.2601,-32.8898,D24,MW
263.507215,-30.411215,HD159090,357.4119,1.3479,B0.5Ia/ab,255,28,70,29300,300,400,3.31,0.06,0.07,=,16,1,1,=,0.1,,0.02,<,-14.0,,0.2,1,116,Simbad,263.5072,-30.4112,D24,MW
259.364962,-27.766915,HD156212,357.5894,5.8265,B0Iab,255,80,73,28600,300,200,2.99,0.03,0.04,=,20,1,1,=,0.1,,0.0,=,-13.4,0.1,0.1,1,214,Simbad,259.365,-27.7669,D24,MW
