STAR    ,SpC,TEFF,e_TEFF,LOGG,e_LOGG,VMIC,e_VMIC,VSINI,VMAC
HD12301 ,B8Ib  ,12600,200,2.15,0.10,7,1,10,20
HD12953 ,A1Iae , 9200,200,1.15,0.10,8,1,22,32
HD13476 ,A3Iab , 8500,150,1.40,0.10,6,1,12,24
HD13744 ,A0Iab , 9500,250,1.55,0.15,6,1,12,29
HD14433 ,A1Ia  , 9150,150,1.40,0.10,7,1,17,29
HD14489 ,A1Iab , 9350,250,1.45,0.15,7,1,13,35
HD20041 ,A0Ia  ,10000,200,1.65,0.10,7,1,14,37
HD21291 ,B9Ia  ,10800,200,1.65,0.10,7,1,32,33
HD39970 ,A0Ia  ,10300,200,1.70,0.10,7,1,2 ,45
HD46300 ,A0Ib  ,10000,200,2.15,0.10,3,1,0 ,14
HD186745,B8Ia  ,12500,200,1.80,0.10,8,1,22,40
HD187983,A1Ia  , 9300,250,1.60,0.15,7,1,15,29
HD197345,A2Ia  , 8700,150,1.20,0.10,8,1,10,29
HD202850,B9Iab ,10800,200,1.85,0.10,6,1,14,35
HD207260,A2Iab , 8800,150,1.35,0.10,7,1,15,25
HD207673,A2Ib  , 9250,100,1.80,0.10,5,1,1 ,23
HD208501,B8Ib  ,12700,200,1.85,0.10,8,1,16,56
HD210221,A3Ib  , 8400,150,1.40,0.10,6,1,0 ,27
HD212593,B9Ib  ,11200,200,2.10,0.10,5,1,6 ,24
HD213470,A3Iab , 8400,150,1.30,0.10,7,1,13,27
BD+602582,B8Iab ,11900,200,1.85,0.10,7,1,35,14
HD223960,B9Ia  ,10700,200,1.60,0.10,8,1,25,37
HD195324,A1Ib  , 9200,150,1.85,0.10,4,1,3 ,20
HD34085 ,B8Ia  ,12100,150,1.75,0.10,8,1,25,31
HD87737 ,A0Ib  , 9600,200,2.05,0.10,4,1,2 ,17
HD91533 ,A2Iab , 9100,150,1.50,0.10,6,1,20,29
HD111613,A1Ia  , 9150,150,1.45,0.10,6,1,17,27
HD149076,B9Ib  ,11100,200,2.05,0.10,5,1,7 ,37
HD149077,A0Ib  , 9900,150,2.20,0.10,3,1,1 ,13
HD165784,A2Iab , 9000,200,1.50,0.10,7,1,18,35
HD166167,A0Ib  , 9600,150,2.00,0.10,4,1,9 ,20
HD80057 ,A1Iab , 9300,150,1.75,0.10,5,1,13,27
HD102878,A2Iab , 8900,150,1.50,0.10,6,1,0 ,35
HD105071,B8Iab ,12000,150,1.85,0.10,7,1,23,39
HD106068,B8Iab ,11600,200,1.90,0.10,6,1,20,45

