391624171 35 2266.2 2267.2
189167200 66 3110.4 3112.0
155501095 91 3788.6 3789.3
155501095 93 3836.5 3836.6
155501095 93 3849.7 3850.2
127217595 91 3802.4 3802.8
375106780 81 3518.24 3519.3
313555973 57 2866.3 2867.3
470694175 18 1790.6 1791.2
470694175 57 2866.3 2867.3
470694175 58 2895.4 2896.1
470694175 78 3434.4 3435.3
470694175 85 3610.5 3611.2
65366071 24 1955.7 1955.8
65366071 24 1969.2 1970.3
65366071 78 3434.1 3435.3
65366071 85 3623.4 3624.3
17130641 41 2424.3 2426.3
306916925 64 3041.0 3042.0
306916925 64 3048.2 3049.0
306916925 64 3053.3 3056.0
306916925 64 3061.6 3064.3
306916925 90 3753.8 3755.0
306916925 90 3760.8 3763.0
306916925 90 3768.3 3770.0
306916925 100 4092.8 4094.2
306916925 100 4099.25 4099.37
