437994564 6 0.80542451 SAP+
437994564 33 0.79986012 SAP+
437994564 43 0.87049085 SAP+
437994564 44 0.82598656 SAP+
437994564 45 0.82877326 SAP+
437994564 71 0.8346439 SAP+
437994564 72 0.85734314 SAP+
126441970 7 0.9939115 SAP+
126441970 34 0.99460119 SAP+
126441970 61 0.99679452 SAP
126441970 88 0.99677718 SAP
391624171 8 0.99657577 SAP
391624171 9 0.99622536 SAP
391624171 35 0.99562287 SAP
391624171 36 0.99633735 SAP
391624171 62 0.99593431 SAP
391624171 63 0.99624795 SAP
391624171 89 0.99582082 SAP
391624171 90 0.99622995 SAP
280289958 62 0.93250078 SAP
280289958 63 0.92912227 SAP
462436722 63 0.93138987 SAP+
462436722 64 0.92951715 SAP+
464253921 36 0.96594959 SAP+
464253921 37 0.96549058 SAP+
464253921 63 0.96580678 SAP+
464253921 64 0.96584338 SAP+
465735344 63 0.84862214 SAP+
465735344 64 0.76108843 SAP+
465734733 63 0.98828834 SAP+
465734733 64 0.98741221 SAP+
465734733 90 0.98827761 SAP+
465734733 99 0.984146 SAP+
306916925 10 0.98680824 SAP
306916925 11 0.97995245 SAP
306916925 63 0.98595017 SAP
306916925 64 0.98682857 SAP
306916925 90 0.98656273 SAP
306916925 99 0.97623914 SAP
306916925 100 0.97319752 SAP
466880470 37 0.89524925 SAP
466880470 64 0.88897455 SAP
380480505 11 0.97932214 SAP
380480505 38 0.97963113 SAP
380480505 65 0.98000836 SAP
380480505 100 0.97642541 LQ
380480505 101 0.96528995 LQ
380480505 102 0.96590328 LQ
381508036 38 0.93922758 SAP+
381508036 65 0.9245373 SAP+
215112063 65 0.86165488 SAP+
21931623 12 0.97771144 SAP+
21931623 39 0.97954762 SAP+
21931623 66 0.97757238 SAP+
246081184 39 0.9290337 SAP
246962305 12 0.99544626 SAP+
246962305 39 0.99513012 SAP+
121137860 66 0.90160751 SAP+
125545415 39 0.98541892 SAP+
189167200 66 0.96947014 SAP+
155501095 39 0.97274673 SAP+
155501095 66 0.95849758 SAP+
155501095 91 0.97796023 SAP+
155501095 93 0.96540207 SAP+
192821454 39 0.93975109 SAP+
127217595 91 0.97926629 SAP+
127217595 92 0.9754414 SAP+
385241538 80 0.98189527 SAP+
214023174 80 0.92899412 SAP+
338189559 54 0.98193687 SAP+
338189559 81 0.97767138 SAP+
375106780 81 0.97438312 SAP+
12149245 14 0.99213672 SAP
12149245 15 0.99077326 SAP
12149245 41 0.99224889 SAP
12149245 55 0.99284095 SAP
12149245 75 0.99259579 SAP
12149245 81 0.99344659 SAP
12149245 82 0.99208558 SAP
13966711 41 0.95750481 SAP+
13966711 55 0.94926387 SAP+ 
13966711 75 0.97043288 SAP+
13966711 81 0.9594323 SAP+ 
13966711 82 0.95409071 SAP+
17127033 75 0.97798645 SAP
313555973 16 0.9972654 SAP
313555973 17 0.99638039 SAP
313555973 24 0.9959166 SAP
313555973 57 0.99678117 SAP
313555973 77 0.99693894 SAP
313555973 84 0.99661046 SAP
470694175 17 0.92501014 SAP
470694175 18 0.92736208 SAP
470694175 24 0.92062032 SAP
470694175 57 0.92720127 SAP
470694175 58 0.92624915 SAP
470694175 77 0.92367864 SAP
470694175 78 0.92152387 SAP
470694175 84 0.92632383 SAP
470694175 85 0.92526919 SAP
65366071 17 0.99625343 SAP+
65366071 24 0.99587989 SAP+
65366071 57 0.99657434 SAP+
65366071 58 0.99560088 SAP+
65366071 77 0.9966808 SAP
65366071 78 0.99589831 SAP+
65366071 84 0.9958986 SAP
65366071 85 0.99537081 SAP
465539899 63 0.73082459 CRWL?*
465539899 64 0.71494079 CRWL?*
465539899 90 0.75287622 CRWL?*
21522516 39 0.66598874 CRWL*
234431729 39 0.82333452 CRWL?*
234431729 66 0.70416582 CRWL?*
13252478 41 0.72802383 CRWL?*
13252478 55 0.66682214 CRWL?*
13252478 75 0.75481099 CRWL?*
13252478 81 0.68527281 CRWL?*
13252478 82 0.78059959 CRWL?*
17130641 41 0.76183444 CRW[e]*
17130641 55 0.76063818 CRW[e]*
17130641 75 0.76471561 CRW[e]*
463410248 63 0.86236179 CRW[e]
463410248 64 0.87178671 CRW[e]
458859916 10 0.68783462 CRWL
458859916 36 0.75523353 CRWL
458859916 37 0.70610118 CRWL
458859916 63 0.70691115 CRWL
458859916 64 0.72607064 CRWL
458859916 90 0.72205281 CRWL
458859916 99 0.73479581 CRWL
225828270 39 0.71096796 CRWL?
193298662 39 0.96973485 LQ
193298662 66 0.96571892 LQ
193298662 91 0.97118753 LQ
193298662 92 0.97344661 LQ
193298662 93 0.96681738 LQ
