STAR,SpC,DM,TEFF,e_TEFF,LOGG,VSINI,MDOTe6,BETA,VINF,VMIC
HD37128 ,B0Ia   ,7.8  ,27500,1000,3.13,91 ,1.90,1.1,1600,15
HD192660,B0Ib   ,11.8 ,30000,1000,3.25,94 ,5.00,1.3,1850,20
HD204172,B0.2Ia ,6.2  ,28500,1000,3.13,87 ,0.57,1.0,1685,15
HD38771 ,B0.5Ia ,8.0  ,26000,1000,3.00,91 ,1.20,1.1,1390,15
HD185859,B0.5Ia ,13.08,26000,1000,3.13,74 ,0.50,1.5,1830,20
HD213087,B0.5Ib ,12.7 ,27000,1000,3.13,88 ,0.70,1.5,1520,20
HD64760 ,B0.5Ib ,10.44,28000,2000,3.38,265,1.10,1.0,1600,15
HD2905  ,BC0.7Ia,10.2 ,23500,1500,2.75,91 ,2.50,1.5,850 ,20
HD13854 ,B1Iab  ,11.8 ,20000,2000,2.50,97 ,1.50,1.2,955 ,10
HD190066,B1Iab  ,12.63,21000,1000,2.88,82 ,0.70,1.5,1275,15
HD190603,B1.5Ia+,12.56,19500,1000,2.38,79 ,2.40,1.2,390 ,15
HD193183,B1.5Ib ,11.3 ,18500,1000,2.63,68 ,0.23,1.5,565 ,20
HD14818 ,B2Ia   ,11.8 ,18000,500 ,2.38,82 ,1.00,1.5,625 ,15
HD206165,B2Ib   ,13.2 ,18000,500 ,2.50,73 ,0.50,1.5,640 ,15
HD198478,B2.5Ia ,9.6  ,17500,500 ,2.25,61 ,0.50,1.2,550 ,20
HD42087 ,B2.5Ib ,10.9 ,18000,1000,2.50,71 ,0.50,1.2,650 ,15
HD53138 ,B3Ia   ,10.11,16500,500 ,2.25,58 ,0.45,1.2,500 ,20
HD58350 ,B5Ia   ,9.41 ,15000,500 ,2.13,50 ,0.70,1.0,320 ,20
HD164353,B5Ib   ,6.5  ,15500,1000,2.75,44 ,0.06,1.5,450 ,25
HD191243,B5Ib   ,11.8 ,14500,1000,2.75,38 ,0.83,1.0,550 ,20
