STAR,SpC,TEFF,e_TEFF,LOGG,e_LOGG,VMIC,e_VMIC,VSINI,e_VSINI,VMAC,e_VMAC
HD7902  ,B6Ia	,14100,200,2.13,0.05,9 ,2,36,5,35,5
HD14818 ,B2Ia	,18600,300,2.45,0.07,14,2,48,6,40,5
HD25914 ,B6Ia	,13600,200,1.81,0.06,11,2,35,5,40,5
HD36371 ,B5Ia	,14600,300,2.11,0.06,11,2,36,5,35,5
HD183143,B7Ia	,12800,200,1.76,0.05,7 ,2,37,5,27,5
HD184943,B8Iab	,11900,200,1.88,0.05,9 ,2,35,6,25,5
HD191243,B5Ib	,14000,300,2.64,0.06,8 ,2,27,6,25,5
HD199478,B8Ia	,12700,200,1.76,0.05,8 ,2,40,6,40,5
HD51309 ,B3Ib   ,15600,400,2.59,0.05,10,2,30,6,35,5
HD111990,B2Iab  ,17200,300,2.62,0.05,12,2,40,6,40,5
HD119646,B1.5Ib ,19700,200,2.9 ,0.07,14,2,37,6,40,5
HD125288,B5II   ,13700,300,2.77,0.05,6 ,2,23,4,30,5
HD159110,B2II   ,19500,300,3.42,0.05,3 ,2,17,4,15,5
HD164353,B5Ib   ,14700,300,2.57,0.05,8 ,2,20,4,32,5
